4
5
7
8
10
6
4
6
8
11
10
9
10
7
4
12
10
10
5
2
7
8
11
9
8
8
8
12
8
4
12
4
5
13
3
8
7
0
14
6
4
8
8
14
9
9
10
0
10
5
10
6
7
9
7
13
5
12
8
4
9
9
12
7
8
0
10
10
4
9
12
4
12
8
12
11
10
9
11
12
0
10
9
4
9
10
7
9
9
5
8
6
13
13
15
22
6
9
5
3
9
9
5
7
14
7
9
11
10
11
5
9
13
12
6
10
11
9
10
10
8
5
10
12
10
4
5
11
13
8
10
9
11
14
7
9
12
9
13
7
8
8
9
10
9
8
11
11
5
7
8
8
10
11
8
9
14
9
9
10
13
8
5
5
13
9
9
8
8
11
8
9
8
8
5
8
0
9
13
14
13
9
14
5
6
9
6
5
9
12
14
13
14
1
6
14
12
14
14
11
11
9
12
8
7
12
14
10
6
17
16
16
12
9
9
9
14
6
9
5
9
9
5
6
7
8
7
10
7
9
9
14
9
11
10
7
17
9
9
6
7
9
15
11
7
7
16
13
12
12
13
14
14
12
9
9
9
9
9
9
9
9
10
10
10
10
10
10
10
11
11
11
11
11
11
11
11
11
11
11
11
11
11
11
11
11
11
11
11
11
11
11
11
11
11
11
11
11
11
11
12
12
12
12
12
12
12
12
12
12
12
12
12
12
12
12
12
12
12
12
12
13
13
13
13
12
13
13
13
13
12
12
13
13
13
13
13
13
13
13
13
13
13
13
13
12
13
13
13
13
13
12
12
12
12
12
12
12
12
12
12
12
12
12
12
12
12
12
11
3
3
2
2
2
2
1
1
1
51
49
43
40
39
37
36
29
28
27
27
32
28
27
41
33
31
23
22
22
22
20
20
19
19
18
18
18
17
18
18
17
14
18
17
15
13
14
13
11
10
9
9
11
9
11
9
8
9
9
10
8
9
8
8
7
7
8
6
7
6
7
6
7
7
6
7
6
6
6
6
6
6
6
5
6
5
5
6
6
6
5
5
5
6
6
6
16
8
8
9
4
4
4
4
5
5
9
2
2
2
2
3
3
3
4
5
4
5
5
6
6
7
7
7
7
7
7
7
7
8
8
8
8
8
8
8
8
8
8
8
8
9
9
9
9
9
9
9
9
9
9
9
9
9
9
9
9
9
9
9
9
9
9
9
9
9
9
9
7
5
7
7
5
5
2
4
4
4
4
4
4
4
4
4
4
4
4
4
4
4
4
4
4
4
4
4
4
4
4
4
4
4
5
5
5
5
5
5
5
5
5
5
5
5
5
5
5
5
5
5
5
5
5
5
5
4
5
4
8
8
5
7
0
0
9
5
1
4
2
7
7
7
5
13
13
7
14
20
9
19
11
4
11
23
17
15
20
12
19
14
9
17
14
17
18
13
5
14
7
8
9
8
9
7
1
10
5
22
10
16
9
8
17
5
9
9
24
31
26
18
15
12
10
23
10
18
16
9
19
11
11
9
12
10
12
9
7
20
25
10
11
22
20
11
23
11
10
10
7
26
26
25
25
12
8
11
10
5
8
8
18
19
14
14
13
13
13
13
13
13
13
13
13
13
13
13
13
13
13
13
14
14
14
14
14
14
14
14
14
14
14
14
14
14
14
14
14
14
14
14
14
14
14
14
14
14
14
14
14
14
14
14
14
14
14
15
15
15
15
15
15
15
15
16
16
16
16
16
8
8
8
8
8
8
8
8
8
8
8
8
8
8
8
8
8
8
8
8
8
8
8
8
8
8
8
8
8
8
8
8
8
8
8
8
8
8
8
8
8
8
8
8
8
8
8
8
8
8
8
8
8
8
8
8
8
8
8
8
8
7
7
7
7
103
95
54
50
36
36
29
28
23
21
21
20
20
20
20
39
21
20
22
28
30
33
26
26
34
25
20
24
20
16
18
25
18
15
15
15
14
15
25
12
13
13
7
4
7
6
6
5
6
7
6
5
5
5
4
5
6
5
5
5
5
7
7
6
6
10
10
10
2
3
6
8
8
11
7
6
6
8
7
7
9
9
16
16
16
16
16
15
15
15
14
14
17
16
16
15
15
14
13
14
14
13
14
10
12
11
10
9
9
9
9
7
9
8
7
6
6
6
6
5
6
6
6
6
6
6
6
5
5
5
5
5
6
5
5
5
5
5
5
5
5
5
5
4
4
5
5
5
4
4
4
4
4
4
4
4
4
5
5
5
6
7
7
7
8
8
9
10
10
11
11
12
12
12
13
13
7
7
7
7
7
7
7
7
7
7
7
7
7
8
8
7
7
7
7
7
7
7
7
11
11
11
9
9
9
9
9
9
9
9
5
5
5
2
2
2
2
2
2
2
2
2
2
2
2
2
2
2
2
2
2
2
2
2
2
2
2
2
2
2
2
2
2
2
1
9
5
5
5
5
5
5
5
5
5
5
5
5
5
5
22
25
25
24
23
23
26
27
26
27
26
25
25
25
22
12
15
16
23
23
16
8
7
7
7
7
7
7
9
8
8
9
9
7
7
6
5
5
6
6
6
6
6
7
4
4
4
4
4
4
4
4
4
4
9
9
7
7
6
5
5
17
14
5
44
16
12
17
17
15
15
14
14
13
12
12
11
10
10
10
10
10
9
9
10
9
9
9
9
8
9
9
13
7
7
6
6
6
7
6
9
7
7
6
6
5
6
6
6
6
7
6
6
6
7
9
9
9
9
9
9
9
9
9
9
9
9
9
10
10
11
11
13
14
14
15
16
17
18
18
19
20
20
21
22
22
23
23
23
23
24
24
24
24
25
25
25
25
26
26
26
26
26
26
27
27
27
27
27
27
27
27
27
27
27
27
28
28
28
28
28
28
28
28
28
29
29
29
29
29
29
29
30
30
30
30
30
30
30
30
30
30
30
30
30
31
31
31
31
31
31
31
31
31
31
32
32
32
7
7
7
7
7
7
7
7
7
7
7
7
7
7
7
7
7
7
7
7
7
7
7
7
7
7
7
7
6
6
6
6
6
6
6
6
6
6
6
6
6
6
5
54
31
29
28
34
32
31
30
25
24
23
20
19
19
18
18
18
18
18
17
17
16
16
15
15
16
15
15
15
15
14
14
17
15
14
17
13
12
12
11
9
8
7
7
8
8
8
8
8
8
8
7
8
6
6
6
6
6
5
5
5
5
5
5
5
5
5
8
6
5
5
5
5
5
5
3
4
4
4
5
5
4
4
4
4
4
5
5
5
5
5
5
5
5
6
6
6
7
8
5
6
6
7
7
8
8
8
8
9
7
7
8
8
8
8
8
6
6
6
6
6
6
6
6
6
6
7
7
7
7
7
7
7
7
7
4
7
8
9
6
9
10
9
9
5
9
9
6
1
3
3
2
5
8
11
8
8
7
4
7
10
10
3
7
8
8
8
3
3
8
9
7
7
7
4
8
8
9
5
5
4
0
5
5
8
8
8
7
9
8
8
8
6
6
8
8
6
6
6
6
6
6
10
9
6
9
4
9
10
11
8
7
9
5
7
9
8
5
10
3
9
5
9
7
5
9
7
9
8
11
6
8
9
8
11
8
5
10
7
12
6
5
10
6
5
6
6
8
10
11
16
9
10
11
14
12
688
599
516
389
509
456
325
527
408
499
508
419
460
517
509
477
519
535
532
435
482
602
818
740
627
777
751
707
782
788
805
865
674
566
773
763
778
795
808
737
801
441
543
587
563
690
729
692
650
731
585
757
623
663
561
569
584
529
423
434
377
275
248
371
211
236
174
136
117
107
43
52
47
44
34
17
9
7
4
1
0
0
0
0
0
0
0
0
0
0
0
0
0
0
0
0
0
0
0
0
0
0
0
0
0
0
0
0
0
0
0
0
0
0
0
0
0
0
0
0
0
0
0
0
0
0
0
0
0
0
0
0
0
0
0
0
0
0
0
0
0
0
0
0
0
0
0
0
0
0
0
0
0
0
0
0
0
0
0
0
0
0
0
0
0
0
0
0
0
0
0
0
0
0
2
3
9
20
36
70
126
153
174
267
187
201
261
513
683
671
668
662
587
603
436
431
644
696
811
817
616
648
597
626
699
619
645
720
825
822
777
804
821
832
808
817
782
703
787
818
873
814
880
927
921
937
952
936
937
836
879
864
848
847
877
902
904
834
889
950
976
944
924
916
922
922
912
912
927
918
871
862
892
891
898
915
873
825
840
896
912
877
927
917
908
911
898
900
887
905
925
917
910
909
891
900
898
880
858
846
846
837
830
770
750
684
577
559
512
517
455
389
305
267
199
167
171
147
125
107
85
68
49
29
19
10
5
3
0
0
0
0
0
0
0
0
0
0
0
0
0
0
0
0
0
0
0
0
0
0
0
0
0
0
0
0
0
0
0
0
0
0
0
0
0
0
0
0
0
0
0
0
0
0
0
0
0
0
0
0
0
0
0
0
0
0
0
0
0
0
0
0
0
0
0
0
0
0
0
0
0
0
0
0
0
0
0
0
0
0
0
0
0
0
0
0
0
0
0
0
0
2
7
17
36
67
110
151
190
227
262
292
323
348
367
455
628
774
835
873
891
901
709
914
598
755
929
916
793
700
751
598
600
795
694
924
904
966
957
955
952
952
949
948
946
942
941
949
940
937
934
935
939
935
937
939
933
933
927
933
935
935
929
932
936
941
961
953
958
943
960
941
927
937
955
937
938
936
938
932
941
941
929
930
936
930
928
951
951
955
946
943
941
932
930
931
929
931
932
930
932
930
932
928
928
933
934
932
932
928
924
921
915
915
920
906
898
887
876
864
842
818
785
540
532
442
393
339
279
214
163
90
54
28
13
5
1
0
0
0
0
0
0
0
0
0
0
0
0
0
0
0
0
0
0
0
0
0
0
0
0
0
0
0
0
0
0
0
0
0
0
0
0
0
0
0
0
0
0
0
0
0
0
0
0
0
0
0
0
0
0
0
0
0
0
0
0
0
0
0
0
0
0
0
0
0
0
0
0
0
0
0
0
0
0
0
0
0
0
0
0
0
0
0
0
0
0
0
0
2
7
18
35
57
82
112
170
248
260
309
371
388
507
570
570
685
752
768
808
827
847
716
765
901
929
776
797
804
661
833
876
831
798
864
985
978
973
979
981
911
1002
972
988
993
1000
990
1000
980
981
981
990
971
954
992
985
928
986
979
981
987
881
956
942
914
924
995
917
918
880
895
953
941
940
942
939
934
933
934
937
935
944
942
944
957
938
945
835
914
899
867
889
889
851
891
867
831
817
833
818
866
819
782
825
813
694
555
663
525
343
561
378
287
244
302
309
472
293
210
148
305
216
189
214
104
95
72
76
43
26
13
5
6
2
0
0
0
0
0
0
0
0
0
0
0
0
0
0
0
0
0
0
0
0
0
0
0
0
0
0
0
0
0
0
0
0
0
0
0
0
0
0
0
0
0
0
0
0
0
0
0
0
0
0
0
0
0
0
0
0
0
0
0
0
0
0
0
0
0
0
0
0
0
0
0
0
0
0
0
0
0
0
0
0
0
0
0
0
0
0
0
0
0
0
0
0
0
0
0
1
3
6
16
27
39
55
63
79
104
140
101
120
160
347
541
491
405
369
360
377
406
373
424
468
576
457
488
550
615
671
603
676
717
753
711
734
788
732
782
750
692
611
743
751
798
887
878
866
827
779
841
774
729
828
859
888
901
914
890
891
877
894
926
876
847
868
835
873
779
841
888
908
933
909
894
926
889
897
837
864
844
852
852
823
811
792
740
779
788
706
833
842
860
792
720
699
738
773
773
769
807
763
724
773
764
595
468
416
336
400
281
297
311
290
217
173
126
163
147
181
144
136
132
90
64
32
23
24
15
9
5
1
0
0
0
0
0
0
0
0
0
0
0
0
0
0
0
0
0
0
0
0
0
0
0
0
0
0
0
0
0
0
0
0
0
0
0
0
0
0
0
0
0
0
0
0
0
0
0
0
0
0
0
0
0
0
0
0
0
0
0
0
0
0
0
0
0
0
0
0
0
0
0
0
0
0
0
0
0
0
0
0
0
0
0
0
0
0
0
0
0
0
0
0
0
1
4
13
28
53
93
134
173
210
243
275
305
332
360
462
616
741
814
855
885
811
917
753
859
707
936
902
655
719
594
808
839
619
561
796
1005
988
972
962
955
951
950
949
948
949
946
945
948
948
946
947
943
945
946
949
947
941
937
935
936
940
945
939
945
939
935
936
937
934
941
941
931
935
936
937
938
938
833
943
934
932
942
930
828
798
968
986
946
948
936
936
939
940
939
936
936
939
943
936
942
945
935
936
933
932
931
932
928
927
925
921
918
915
909
898
887
876
860
843
818
780
482
534
398
378
320
262
212
131
68
40
19
8
3
0
0
0
0
0
0
0
0
0
0
0
0
0
0
0
0
0
0
0
0
0
0
0
0
0
0
0
0
0
0
0
0
0
0
0
0
0
0
0
0
0
0
0
0
0
0
0
0
0
0
0
0
0
0
0
0
0
0
0
0
0
0
0
0
0
0
0
0
0
0
0
0
0
0
0
0
0
0
0
0
0
0
0
0
0
0
0
0
0
0
0
0
0
1
5
14
30
54
93
135
179
219
254
289
328
360
397
503
640
736
801
837
863
808
884
765
829
728
918
915
660
698
677
813
832
668
571
651
980
956
963
953
944
940
941
942
941
940
940
936
936
938
934
932
935
935
930
927
931
931
928
927
929
926
926
928
928
926
921
922
921
932
919
921
926
941
935
927
918
922
918
919
922
915
914
923
921
929
922
929
932
928
925
923
930
928
930
928
928
930
927
929
927
926
928
927
922
926
926
923
920
918
915
912
905
900
893
884
874
863
846
826
794
668
509
510
392
233
292
234
163
94
53
32
17
5
1
0
0
0
0
0
0
0
0
0
0
0
0
0
0
0
0
0
0
0
0
0
0
0
0
0
0
0
0
0
0
0
0
0
0
0
0
0
0
0
0
0
0
0
0
0
0
0
0
0
0
0
0
0
0
0
0
0
0
0
0
0
0
0
0
0
0
0
0
0
0
0
0
0
0
0
0
0
0
0
0
0
0
0
0
0
0
0
0
0
0
0
0
0
0
2
6
14
18
46
83
137
226
269
338
280
304
450
593
752
657
707
847
910
801
734
661
784
845
890
847
762
527
517
449
502
520
726
808
847
896
893
850
869
881
872
904
918
905
920
919
842
762
696
729
656
664
641
663
784
842
813
629
540
706
896
923
919
864
858
840
841
877
914
917
879
725
729
870
897
885
905
921
1006
974
905
907
887
875
876
980
969
939
887
929
930
938
937
980
906
823
882
918
658
808
978
878
980
958
877
904
837
825
794
770
632
610
424
212
162
120
115
145
199
179
103
120
153
179
82
23
14
9
5
3
8
9
1
0
0
0
0
0
0
0
0
0
0
0
0
0
0
0
0
0
0
0
0
0
0
0
0
0
0
0
0
0
0
0
0
0
0
0
0
0
0
0
0
0
0
0
0
0
0
0
0
0
0
0
0
0
0
0
0
0
0
0
0
0
0
0
0
0
0
0
0
0
0
0
0
0
0
0
0
0
0
0
0
0
0
0
0
0
0
0
0
0
0
0
0
0
0
0
0
2
4
14
29
37
47
104
127
157
116
43
174
168
273
228
301
428
319
283
389
462
469
702
754
492
364
344
291
606
450
731
794
821
756
852
853
835
817
837
873
916
911
905
926
932
929
953
947
927
927
928
838
871
716
729
833
887
925
878
912
894
788
810
868
798
798
852
814
613
868
852
558
583
789
877
921
804
843
879
757
760
743
775
693
738
434
432
581
637
661
639
566
614
554
508
549
603
479
429
396
647
838
761
667
574
515
476
311
437
204
366
551
478
446
534
581
401
201
173
134
58
59
59
49
80
63
41
14
7
3
2
0
0
0
0
0
0
0
0
0
0
0
0
0
0
0
0
0
0
0
0
0
0
0
0
0
0
0
0
0
0
0
0
0
0
0
0
0
0
0
0
0
0
0
0
0
0
0
0
0
0
0
0
0
0
0
0
0
0
0
0
0
0
0
0
0
0
0
0
0
0
0
0
0
0
0
0
0
0
0
0
0
0
0
0
0
0
0
0
0
0
0
0
0
0
0
1
4
11
22
36
57
92
132
264
364
418
377
394
458
525
608
403
550
762
762
867
823
859
933
787
778
635
527
559
562
905
824
505
876
854
837
984
968
960
962
959
849
970
866
984
873
991
914
913
980
898
925
909
893
900
893
885
853
853
861
834
840
815
833
843
842
849
791
653
704
841
799
777
689
605
631
723
676
898
783
853
911
909
950
921
905
830
893
925
969
882
883
1011
958
810
840
834
940
960
887
953
944
949
914
881
872
910
718
753
717
965
899
899
792
843
758
878
833
734
653
591
375
300
355
314
169
59
37
25
13
5
1
0
0
0
0
0
0
0
0
0
0
0
0
0
0
0
0
0
0
0
0
0
0
0
0
0
0
0
0
0
0
0
0
0
0
0
0
0
0
0
0
0
0
0
0
0
0
0
0
0
0
0
0
0
0
0
0
0
0
0
0
0
0
0
0
0
0
0
0
0
0
0
0
0
0
0
0
0
0
0
0
0
0
0
0
0
0
0
0
0
0
0
0
0
0
1
5
15
31
54
84
107
170
165
248
283
332
374
480
570
672
761
796
854
871
885
848
772
882
787
900
788
894
840
897
768
897
762
904
867
977
965
837
980
957
958
977
946
1004
768
965
945
951
917
940
887
869
883
842
884
913
865
923
880
893
842
874
917
912
909
885
914
916
909
887
876
878
874
933
901
910
923
897
900
906
906
894
897
885
871
888
890
869
863
864
862
845
841
827
838
826
802
831
843
816
781
755
735
743
761
779
789
772
805
795
689
641
657
639
552
444
385
312
273
245
201
200
213
185
151
118
86
48
28
15
5
1
0
0
0
0
0
0
0
0
0
0
0
0
0
0
0
0
0
0
0
0
0
0
0
0
0
0
0
0
0
0
0
0
0
0
0
0
0
0
0
0
0
0
0
0
0
0
0
0
0
0
0
0
0
0
0
0
0
0
0
0
0
0
0
0
0
0
0
0
0
0
0
0
0
0
0
0
0
0
0
0
0
0
0
0
0
0
0
0
0
0
0
0
0
0
0
1
6
15
32
68
108
148
185
192
187
298
424
380
459
608
702
770
809
844
743
755
798
860
929
680
505
534
557
662
762
797
684
839
642
850
971
962
967
947
945
935
934
952
942
937
938
934
929
933
932
920
937
941
956
937
928
937
887
921
923
915
928
924
922
924
940
927
931
926
922
919
918
923
921
931
933
921
919
920
922
921
923
920
919
922
922
926
933
924
926
921
924
920
920
919
921
920
922
923
918
935
920
926
922
914
914
913
911
918
897
608
716
732
534
650
722
809
842
672
649
572
460
348
363
380
180
285
205
38
9
2
0
0
0
0
0
0
0
0
0
0
0
0
0
0
0
0
0
0
0
0
0
0
0
0
0
0
0
0
0
0
0
0
0
0
0
0
0
0
0
0
0
0
0
0
0
0
0
0
0
0
0
0
0
0
0
0
0
0
0
0
0
0
0
0
0
0
0
0
0
0
0
0
0
0
0
0
0
0
0
0
0
0
0
0
0
0
0
0
0
0
0
0
0
0
0
1
5
14
29
49
76
124
173
207
241
274
308
363
441
649
714
730
779
827
858
869
777
870
919
866
653
584
627
740
711
775
817
871
908
877
897
896
807
769
817
877
862
781
774
646
630
620
727
712
731
692
685
774
704
718
617
734
729
699
736
720
733
722
752
766
761
825
814
800
809
837
815
793
792
793
738
788
788
830
823
825
860
887
912
924
927
921
948
960
920
932
927
915
930
923
916
891
898
875
859
886
880
874
829
833
834
854
798
831
805
765
738
688
652
590
509
476
437
361
270
237
196
157
121
88
58
33
17
9
4
1
0
0
0
0
0
0
0
0
0
0
0
0
0
0
0
0
0
0
0
0
0
0
0
0
0
0
0
0
0
0
0
0
0
0
0
0
0
0
0
0
0
0
0
0
0
0
0
0
0
0
0
0
0
0
0
0
0
0
0
0
0
0
0
0
0
0
0
0
0
0
0
0
0
0
0
0
0
0
0
0
0
0
0
0
0
0
0
0
0
0
0
0
0
0
0
0
2
8
20
39
66
108
131
155
199
225
295
250
386
579
437
825
795
803
836
858
881
857
868
931
537
596
801
774
738
678
790
884
852
907
660
905
965
958
953
956
947
950
959
963
948
955
948
951
917
962
955
955
953
953
944
956
936
937
944
941
932
941
936
934
939
937
925
922
925
925
923
926
926
926
923
923
924
941
956
941
940
932
931
926
924
923
932
935
943
934
932
933
928
933
933
932
928
929
926
926
928
924
923
922
917
914
908
901
895
888
882
873
865
837
837
411
747
372
534
482
463
349
243
186
118
55
18
7
2
0
0
0
0
0
0
0
0
0
0
0
0
0
0
0
0
0
0
0
0
0
0
0
0
0
0
0
0
0
0
0
0
0
0
0
0
0
0
0
0
0
0
0
0
0
0
0
0
0
0
0
0
0
0
0
0
0
0
0
0
0
0
0
0
0
0
0
0
0
0
0
0
0
0
0
0
0
0
0
0
0
0
0
0
0
0
0
0
0
0
0
0
0
0
0
0
1
4
8
19
36
60
104
105
169
233
258
292
321
367
448
532
597
610
648
647
685
696
689
633
690
663
729
799
705
710
729
634
551
519
554
680
738
641
699
805
779
744
842
352
679
607
859
608
559
554
596
606
516
532
605
495
529
564
555
727
583
445
650
760
805
657
726
682
560
625
677
654
643
582
667
664
702
639
703
524
479
656
599
650
704
731
596
556
441
612
466
469
467
609
582
796
803
589
693
629
625
583
568
732
612
652
621
559
639
720
725
808
792
696
731
692
558
433
315
196
212
314
287
166
129
145
145
45
16
3
2
1
0
0
0
0
0
0
0
0
0
0
0
0
0
0
0
0
0
0
0
0
0
0
0
0
0
0
0
0
0
0
0
0
0
0
0
0
0
0
0
0
0
0
0
0
0
0
0
0
0
0
0
0
0
0
0
0
0
0
0
0
0
0
0
0
0
0
0
0
0
0
0
0
0
0
0
0
0
0
0
0
0
0
0
0
0
0
0
0
0
0
0
0
0
0
0
0
0
4
12
25
37
70
112
171
223
280
344
388
462
517
571
641
681
698
738
756
795
794
807
821
824
842
858
855
876
897
894
887
896
905
925
941
934
939
938
963
945
911
933
888
950
929
971
979
953
929
933
941
851
891
861
927
912
927
984
911
866
838
870
920
949
935
896
884
898
858
857
819
790
808
791
783
778
771
784
801
824
844
874
883
856
834
835
851
846
828
826
837
857
852
865
886
879
902
878
861
872
851
830
817
809
826
797
783
771
762
731
722
658
586
491
429
378
369
319
280
225
207
137
88
62
43
27
15
9
4
1
0
0
0
0
0
0
0
0
0
0
0
0
0
0
0
0
0
0
0
0
0
0
0
0
0
0
0
0
0
0
0
0
0
0
0
0
0
0
0
0
0
0
0
0
0
0
0
0
0
0
0
0
0
0
0
0
0
0
0
0
0
0
0
0
0
0
0
0
0
0
0
0
0
0
0
0
0
0
0
0
0
0
0
0
0
0
0
0
0
0
0
0
0
0
0
0
0
2
7
18
35
66
114
156
194
244
297
369
414
509
527
434
394
609
673
725
754
797
842
838
688
741
786
771
730
775
687
811
565
944
873
823
826
693
842
998
803
964
918
874
968
944
792
763
975
943
940
939
932
949
961
956
951
957
951
953
958
957
992
967
940
932
932
945
941
944
939
935
946
943
950
948
948
954
957
952
959
947
956
963
969
950
961
950
952
952
970
943
958
949
939
969
933
918
918
886
905
940
900
899
891
888
883
882
817
825
719
698
705
694
657
648
649
608
433
676
607
369
334
268
181
106
60
32
15
6
1
0
0
0
0
0
0
0
0
0
0
0
0
0
0
0
0
0
0
0
0
0
0
0
0
0
0
0
0
0
0
0
0
0
0
0
0
0
0
0
0
0
0
0
0
0
0
0
0
0
0
0
0
0
0
0
0
0
0
0
0
0
0
0
0
0
0
0
0
0
0
0
0
0
0
0
0
0
0
0
0
0
0
0
0
0
0
0
0
0
0
0
0
0
0
0
0
0
3
11
23
46
78
106
146
180
227
268
302
378
519
628
728
788
830
863
882
887
569
721
867
570
834
905
874
683
539
779
909
819
750
973
948
855
869
974
961
958
945
942
941
947
948
939
937
943
936
942
939
943
945
937
933
940
945
949
940
948
932
925
913
897
900
894
1011
924
896
934
898
884
891
1017
892
936
886
852
890
879
828
835
802
819
939
889
913
899
884
862
833
800
749
683
563
374
350
248
169
88
49
25
12
4
1
0
0
0
0
0
0
0
0
0
0
0
0
0
0
0
0
0
0
0
0
0
0
0
0
0
0
0
0
0
0
0
0
0
0
0
0
0
0
0
0
0
0
0
0
0
0
0
0
0
0
0
0
0
0
0
0
0
0
0
0
0
0
0
0
0
0
0
0
0
0
0
0
0
0
0
0
0
0
0
0
0
0
0
0
0
0
0
0
0
0
0
0
0
0
0
0
1
4
12
27
52
89
120
151
182
225
262
298
392
455
635
727
789
820
864
886
844
755
881
878
437
656
790
835
873
556
608
867
895
810
815
744
964
854
670
895
974
965
954
944
953
958
950
944
941
934
941
947
945
941
946
937
958
937
937
941
940
941
945
942
938
954
945
948
950
945
945
943
941
913
952
956
947
946
949
935
944
969
945
976
976
948
958
927
944
951
950
953
955
957
940
939
959
840
950
942
947
953
940
939
939
930
926
923
918
916
912
906
900
894
883
868
842
815
776
723
650
383
389
309
218
146
69
37
19
8
2
0
0
0
0
0
0
0
0
0
0
0
0
0
0
0
0
0
0
0
0
0
0
0
0
0
0
0
0
0
0
0
0
0
0
0
0
0
0
0
0
0
0
0
0
0
0
0
0
0
0
0
0
0
0
0
0
0
0
0
0
0
0
0
0
0
0
0
0
0
0
0
0
0
0
0
0
0
0
0
0
0
0
0
0
0
0
0
0
0
0
0
0
0
0
0
0
0
1
5
14
29
55
90
121
150
181
221
261
300
403
428
614
747
764
837
858
876
617
680
779
918
525
512
844
828
575
550
752
912
901
846
965
890
765
727
779
969
955
932
931
932
931
935
937
936
935
939
931
935
942
936
936
934
932
925
928
927
923
929
923
920
920
920
923
918
921
927
922
920
920
917
918
919
917
919
925
919
924
924
921
918
918
915
913
919
919
914
919
918
919
918
918
916
918
919
922
922
923
924
923
922
923
918
918
922
923
908
910
902
896
888
883
867
860
829
800
750
511
430
375
247
212
116
59
33
17
5
1
0
0
0
0
0
0
0
0
0
0
0
0
0
0
0
0
0
0
0
0
0
0
0
0
0
0
0
0
0
0
0
0
0
0
0
0
0
0
0
0
0
0
0
0
0
0
0
0
0
0
0
0
0
0
0
0
0
0
0
0
0
0
0
0
0
0
0
0
0
0
0
0
0
0
0
0
0
0
0
0
0
0
0
0
0
0
0
0
0
0
0
0
0
0
0
0
0
0
4
10
26
53
89
120
152
185
223
265
294
346
405
486
707
599
836
860
874
675
886
839
835
551
760
848
828
529
750
923
899
925
909
918
582
857
747
857
922
953
949
937
923
922
920
919
923
928
927
931
927
918
910
918
926
911
909
906
900
906
903
911
903
906
903
900
902
900
921
925
916
917
920
917
924
921
918
914
914
910
913
913
918
915
918
916
930
922
921
923
920
918
920
918
939
927
863
745
777
721
549
499
679
728
806
838
820
818
856
799
701
692
593
633
908
869
563
624
729
597
520
225
139
70
36
18
7
2
0
0
0
0
0
0
0
0
0
0
0
0
0
0
0
0
0
0
0
0
0
0
0
0
0
0
0
0
0
0
0
0
0
0
0
0
0
0
0
0
0
0
0
0
0
0
0
0
0
0
0
0
0
0
0
0
0
0
0
0
0
0
0
0
0
0
0
0
0
0
0
0
0
0
0
0
0
0
0
0
0
0
0
0
0
0
0
0
0
0
0
0
0
0
0
0
0
0
0
0
0
1
5
12
26
35
33
48
59
79
102
115
132
162
162
203
207
87
97
72
81
104
317
489
308
380
322
275
232
203
351
459
549
590
656
843
757
638
693
712
777
829
892
856
892
876
870
897
888
886
931
1053
974
1013
1044
1024
1000
1021
1009
912
1045
1003
994
1004
1003
992
1000
999
905
889
914
870
1042
1010
926
928
887
861
777
789
756
723
598
548
556
559
483
407
455
467
460
446
434
409
410
425
374
463
428
464
479
396
342
349
407
408
286
270
267
261
298
271
217
236
187
192
193
149
120
97
61
40
34
33
13
4
2
2
0
0
0
0
0
0
0
0
0
0
0
0
0
0
0
0
0
0
0
0
0
0
0
0
0
0
0
0
0
0
0
0
0
0
0
0
0
0
0
0
0
0
0
0
0
0
0
0
0
0
0
0
0
0
0
0
0
0
0
0
0
0
0
0
0
0
0
0
0
0
0
0
0
0
0
0
0
0
0
0
0
0
0
0
0
0
0
0
0
0
0
0
0
0
0
0
0
0
0
2
9
20
36
64
103
139
173
211
252
294
328
355
401
606
712
662
804
872
800
698
837
854
766
875
896
612
577
747
785
969
942
927
925
777
743
864
725
937
974
967
962
958
962
960
952
949
951
942
943
944
941
936
936
941
951
948
941
934
943
941
947
941
943
942
939
939
951
967
971
964
961
971
958
952
949
945
968
954
965
963
957
945
954
963
945
942
950
960
960
959
957
953
955
950
953
951
949
954
946
944
943
950
947
945
939
939
936
928
924
907
893
867
836
799
759
722
677
625
559
470
365
270
177
94
49
24
11
4
0
0
0
0
0
0
0
0
0
0
0
0
0
0
0
0
0
0
0
0
0
0
0
0
0
0
0
0
0
0
0
0
0
0
0
0
0
0
0
0
0
0
0
0
0
0
0
0
0
0
0
0
0
0
0
0
0
0
0
0
0
0
0
0
0
0
0
0
0
0
0
0
0
0
0
0
0
0
0
0
0
0
0
0
0
0
0
0
0
0
0
0
0
0
0
0
0
0
0
1
7
18
36
68
103
134
167
202
242
283
341
331
458
615
738
716
822
854
860
805
778
883
696
850
814
479
649
743
882
944
894
936
829
810
757
701
625
724
988
957
947
948
946
942
944
933
930
931
931
931
936
934
937
942
959
960
943
964
937
944
934
931
935
931
945
948
947
938
936
937
946
936
938
940
938
945
937
939
932
943
936
932
934
932
937
945
936
941
941
938
939
936
937
936
939
942
936
950
941
938
938
935
933
930
930
924
921
919
913
908
900
889
878
860
839
809
748
620
395
368
282
150
89
59
34
17
7
2
0
0
0
0
0
0
0
0
0
0
0
0
0
0
0
0
0
0
0
0
0
0
0
0
0
0
0
0
0
0
0
0
0
0
0
0
0
0
0
0
0
0
0
0
0
0
0
0
0
0
0
0
0
0
0
0
0
0
0
0
0
0
0
0
0
0
0
0
0
0
0
0
0
0
0
0
0
0
0
0
0
0
0
0
0
0
0
0
0
0
0
0
0
0
0
0
0
0
2
7
19
39
73
106
139
172
210
252
292
320
360
406
648
717
719
804
825
822
794
869
816
687
876
675
601
758
854
928
879
916
754
870
877
741
680
842
636
955
942
936
932
918
914
914
914
915
912
909
907
908
908
912
917
916
924
919
918
919
932
923
924
929
942
932
915
918
926
930
938
937
939
922
943
938
937
959
957
952
941
927
929
936
938
941
933
937
932
921
922
929
942
936
916
918
878
878
873
873
868
869
908
869
874
819
743
859
905
928
888
864
814
857
824
841
807
741
623
452
300
201
128
74
37
18
9
3
0
0
0
0
0
0
0
0
0
0
0
0
0
0
0
0
0
0
0
0
0
0
0
0
0
0
0
0
0
0
0
0
0
0
0
0
0
0
0
0
0
0
0
0
0
0
0
0
0
0
0
0
0
0
0
0
0
0
0
0
0
0
0
0
0
0
0
0
0
0
0
0
0
0
0
0
0
0
0
0
0
0
0
0
0
0
0
0
0
0
0
0
0
0
0
0
0
0
0
0
0
3
9
23
50
51
90
133
144
185
188
152
330
342
223
346
539
600
591
627
599
625
559
500
573
563
545
758
789
557
630
492
499
404
474
827
627
815
811
873
907
824
889
873
907
856
891
914
923
894
937
925
927
931
927
936
977
866
862
915
892
914
911
999
891
896
909
911
922
925
923
930
937
921
921
957
890
919
900
955
942
901
1001
904
927
926
936
914
972
913
900
978
880
891
871
865
856
883
864
875
833
792
796
794
823
594
626
618
619
574
540
542
542
423
348
332
266
303
317
246
159
94
53
25
9
3
0
0
0
0
0
0
0
0
0
0
0
0
0
0
0
0
0
0
0
0
0
0
0
0
0
0
0
0
0
0
0
0
0
0
0
0
0
0
0
0
0
0
0
0
0
0
0
0
0
0
0
0
0
0
0
0
0
0
0
0
0
0
0
0
0
0
0
0
0
0
0
0
0
0
0
0
0
0
0
0
0
0
0
0
0
0
0
0
0
0
0
0
0
0
0
0
0
0
0
0
0
3
10
23
40
75
119
160
204
247
297
330
381
439
593
662
809
660
777
874
814
869
847
738
879
612
832
693
840
941
950
959
807
957
925
833
861
924
927
965
983
966
954
952
943
942
936
941
935
936
938
945
932
933
933
940
927
941
930
927
927
927
928
930
928
924
923
922
923
922
919
924
922
920
921
921
921
923
927
921
921
923
923
927
926
927
923
931
927
929
934
936
939
936
934
945
937
936
932
931
932
929
933
932
926
928
922
917
912
909
900
891
883
873
857
837
791
738
636
522
356
230
129
73
41
21
9
3
0
0
0
0
0
0
0
0
0
0
0
0
0
0
0
0
0
0
0
0
0
0
0
0
0
0
0
0
0
0
0
0
0
0
0
0
0
0
0
0
0
0
0
0
0
0
0
0
0
0
0
0
0
0
0
0
0
0
0
0
0
0
0
0
0
0
0
0
0
0
0
0
0
0
0
0
0
0
0
0
0
0
0
0
0
0
0
0
0
0
0
0
0
0
0
0
0
0
0
0
0
4
10
22
38
74
113
187
302
357
323
309
297
338
347
454
428
473
480
490
557
620
779
775
868
895
914
902
664
663
662
629
619
624
505
453
536
443
350
375
309
266
180
158
116
51
36
20
11
5
1
0
0
0
0
0
0
0
0
0
0
0
0
0
0
0
0
0
0
0
0
0
0
0
0
0
0
0
0
0
0
0
0
0
0
0
0
0
0
0
0
0
0
0
0
0
0
0
0
0
0
0
0
0
0
0
0
0
0
0
0
0
0
0
0
0
0
0
0
0
0
0
0
0
0
0
0
0
0
0
0
0
0
0
0
0
0
0
0
0
0
0
0
0
0
0
0
0
0
0
0
0
0
0
2
6
14
28
54
75
125
171
195
230
241
260
351
408
414
379
322
358
410
470
519
620
686
687
747
799
760
733
788
807
827
0
0
0
0
0
0
0
0
0
0
0
0
0
0
0
0
0
0
0
0
0
0
0
0
0
0
0
0
0
0
0
0
0
0
0
0
0
0
0
0
0
0
0
0
0
0
0
0
0
0
0
0
0
0
3
10
24
48
83
122
162
201
244
289
359
427
489
401
702
676
428
845
777
775
781
808
887
898
717
676
811
881
796
927
953
920
928
824
770
646
798
875
955
998
995
987
973
978
985
957
964
965
953
965
942
941
941
958
938
938
928
925
924
924
939
924
930
924
925
933
928
923
931
930
931
926
926
924
929
928
923
920
939
949
936
948
937
936
936
942
941
936
942
943
936
948
938
942
942
945
941
943
942
941
941
939
935
908
928
933
936
872
891
909
619
599
539
416
324
227
195
185
160
113
87
50
22
10
5
2
0
0
0
0
0
0
0
0
0
0
0
0
0
0
0
0
0
0
0
0
0
0
0
0
0
0
0
0
0
0
0
0
0
0
0
0
0
0
0
0
0
0
0
0
0
0
0
0
0
0
0
0
0
0
0
0
0
0
0
0
0
0
0
0
0
0
0
0
0
0
0
0
0
0
0
0
0
0
0
0
0
0
0
0
0
0
0
0
0
0
0
0
0
0
0
0
0
0
0
0
0
0
4
12
27
51
85
119
156
196
237
303
372
414
425
459
719
698
676
894
857
733
878
812
683
838
486
784
796
900
899
965
928
932
941
702
887
970
791
959
873
971
959
946
950
944
943
939
950
939
935
935
943
941
937
941
926
925
931
931
932
947
959
950
937
942
921
945
924
922
923
925
923
923
927
927
927
930
926
939
944
943
947
938
942
941
935
931
941
939
943
939
864
968
904
887
891
872
797
828
801
716
804
784
801
800
781
734
679
592
570
558
529
520
463
438
380
302
287
254
192
138
98
65
36
18
8
2
0
0
0
0
0
0
0
0
0
0
0
0
0
0
0
0
0
0
0
0
0
0
0
0
0
0
0
0
0
0
0
0
0
0
0
0
0
0
0
0
0
0
0
0
0
0
0
0
0
0
0
0
963
959
946
946
951
950
947
946
941
943
941
962
963
967
948
939
947
953
945
943
952
957
945
959
957
952
951
950
932
929
930
948
959
959
946
958
953
930
928
927
936
936
937
935
940
949
949
944
940
946
942
939
945
954
943
938
938
939
946
951
945
944
939
937
932
927
923
916
911
909
903
884
860
829
791
769
720
569
441
192
123
58
32
11
3
0
0
0
0
0
0
0
0
0
0
0
0
0
0
0
0
0
0
0
0
0
0
0
0
0
0
0
0
0
0
0
0
0
0
0
0
0
0
0
0
0
0
0
0
0
0
0
0
0
0
0
0
0
0
0
0
0
0
0
0
0
0
0
0
0
0
0
0
0
0
0
0
0
0
0
0
0
0
0
0
0
0
0
0
0
0
0
0
0
0
0
0
0
0
0
0
0
0
0
0
0
0
3
11
26
48
80
123
162
202
245
304
361
478
536
499
564
357
454
862
798
790
848
906
693
495
576
845
905
749
875
953
971
979
785
956
684
805
905
952
905
985
953
945
942
941
940
940
941
937
938
936
931
933
950
948
946
954
977
963
944
957
951
961
958
981
1004
963
914
898
942
923
935
988
981
994
969
934
901
925
919
912
949
874
887
864
873
870
853
844
904
900
915
918
945
845
874
877
838
783
834
825
744
675
608
486
482
373
268
288
248
248
227
170
144
89
64
90
90
73
45
31
39
25
10
5
2
0
0
0
0
0
0
0
0
0
0
0
0
0
0
0
0
0
0
0
0
0
0
0
0
0
0
0
0
0
0
0
0
0
0
0
0
0
0
0
0
0
0
0
0
0
0
0
0
0
0
0
0
0
0
0
0
0
0
0
0
0
0
0
0
0
0
0
0
0
0
0
0
0
0
0
0
0
0
0
0
0
0
0
0
0
0
0
0
0
0
0
0
0
0
0
0
0
0
0
0
0
0
0
1
5
4
14
37
65
76
94
156
171
251
193
316
395
319
275
312
282
515
578
546
590
592
569
574
638
725
771
820
824
871
835
877
863
827
867
941
940
908
923
898
935
946
964
939
932
856
955
954
927
935
938
929
933
928
870
818
850
894
920
929
921
947
929
881
966
902
958
991
888
999
959
947
972
1032
905
1034
959
996
979
974
977
971
975
964
970
970
970
968
973
971
972
971
978
974
976
971
975
973
970
969
970
962
956
954
947
935
925
914
894
865
833
793
721
624
514
287
167
105
60
31
15
5
1
0
0
0
0
0
0
0
0
0
0
0
0
0
0
0
0
0
0
0
0
0
0
0
0
0
0
0
0
0
0
0
0
0
0
0
0
0
0
0
0
0
0
0
0
0
0
0
0
0
0
0
0
0
0
0
0
0
0
0
0
0
0
0
0
0
0
0
0
0
0
0
0
0
0
0
0
0
0
0
0
0
0
0
0
0
0
0
0
0
0
0
0
0
0
0
0
0
0
0
0
0
2
7
19
38
73
112
154
192
232
324
433
415
365
571
594
378
599
723
842
813
647
867
820
675
855
607
846
617
858
796
711
985
717
953
862
762
971
862
959
976
938
975
954
950
947
946
949
945
944
956
942
939
945
941
946
939
942
927
934
930
929
941
941
927
927
930
930
928
933
932
942
958
957
967
965
958
950
948
948
954
955
953
944
940
950
950
954
946
941
933
933
933
934
937
933
934
936
933
932
932
931
927
925
921
917
914
909
905
896
886
873
854
827
791
736
646
412
223
141
80
45
23
10
3
0
0
0
0
0
0
0
0
0
0
0
0
0
0
0
0
0
0
0
0
0
0
0
0
0
0
0
0
0
0
0
0
0
0
0
0
0
0
0
0
0
0
0
0
0
0
0
0
0
0
0
0
0
0
0
0
0
0
0
0
0
0
0
0
0
0
0
0
0
0
0
0
0
0
0
0
0
0
0
0
0
0
0
0
0
0
0
0
0
0
0
0
0
0
0
0
0
0
0
0
0
0
0
2
7
19
37
74
112
150
184
221
257
340
365
352
571
546
369
523
767
842
716
874
876
635
509
867
781
581
836
730
845
933
758
839
899
714
785
926
749
776
667
918
956
931
926
932
913
936
946
920
956
920
920
932
917
914
911
915
928
924
920
917
938
939
950
959
950
939
927
919
916
912
910
937
939
918
915
916
914
915
921
930
920
919
922
927
932
934
931
932
939
935
937
934
932
940
938
945
942
943
943
936
934
935
940
941
931
927
927
924
915
904
785
389
217
90
58
61
22
25
10
10
9
3
1
0
0
0
0
0
0
0
0
0
0
0
0
0
0
0
0
0
0
0
0
0
0
0
0
0
0
0
0
0
0
0
0
0
0
0
0
0
0
0
0
0
0
0
0
0
0
0
0
0
0
0
0
0
0
0
0
0
0
0
0
0
0
0
0
0
0
0
0
0
0
0
0
0
0
0
0
0
0
0
0
0
0
0
0
0
0
0
0
0
0
0
0
0
0
0
0
0
0
0
0
0
0
0
0
0
3
9
14
39
22
34
36
77
126
229
247
245
247
233
185
146
157
233
238
246
298
357
434
446
380
350
367
510
605
625
680
758
764
816
830
784
732
718
760
763
811
856
869
871
901
912
949
954
964
970
950
968
948
962
961
958
918
905
827
949
935
941
968
981
975
981
958
967
942
961
987
959
971
911
866
917
922
925
937
933
936
970
934
941
927
911
883
886
866
848
831
819
833
913
879
871
879
918
900
854
837
795
718
749
740
742
708
734
643
567
534
413
360
268
219
155
113
77
46
27
13
5
1
0
0
0
0
0
0
0
0
0
0
0
0
0
0
0
0
0
0
0
0
0
0
0
0
0
0
0
0
0
0
0
0
0
0
0
0
0
0
0
0
0
0
0
0
0
0
0
0
0
0
0
0
0
0
0
0
0
0
0
0
0
0
0
0
0
0
0
0
0
0
0
0
0
0
0
0
0
0
0
0
0
0
0
0
0
0
0
0
0
0
0
0
0
0
0
0
0
0
0
0
0
0
0
0
1
4
10
20
30
58
71
103
108
135
149
206
274
335
453
507
543
572
585
667
572
654
642
670
666
650
589
678
711
837
862
873
882
889
887
889
900
923
915
915
920
930
923
919
922
913
910
917
926
939
936
942
947
956
950
940
950
953
939
947
921
947
950
928
892
861
953
909
908
886
908
923
898
909
910
909
892
942
958
937
930
927
923
928
944
939
915
916
918
920
927
908
889
900
893
900
889
870
861
825
799
776
741
727
676
625
595
512
466
444
366
304
227
160
123
65
38
34
27
13
5
1
0
0
0
0
0
0
0
0
0
0
0
0
0
0
0
0
0
0
0
0
0
0
0
0
0
0
0
0
0
0
0
0
0
0
0
0
0
0
0
0
0
0
0
0
0
0
0
0
0
0
0
0
0
0
0
0
0
0
0
0
0
0
0
0
0
0
0
0
0
0
0
0
0
0
0
0
0
0
0
0
0
0
0
0
0
0
0
0
0
0
0
0
0
0
0
0
0
0
0
0
0
0
0
0
0
2
8
15
26
65
122
185
229
243
308
530
455
464
545
590
607
734
786
846
720
721
702
739
781
849
869
888
820
821
868
802
846
788
812
898
887
869
894
941
903
945
857
742
860
942
972
932
898
985
970
900
988
983
954
979
953
908
875
900
913
943
927
895
870
939
936
928
967
920
969
918
923
934
941
905
963
972
899
910
931
887
884
908
936
936
891
881
923
957
914
910
901
842
800
793
788
778
755
732
701
682
700
737
713
742
672
599
515
932
648
569
475
403
345
260
207
197
188
95
22
15
13
1
0
0
0
0
0
0
0
0
0
0
0
0
0
0
0
0
0
0
0
0
0
0
0
0
0
0
0
0
0
0
0
0
0
0
0
0
0
0
0
0
0
0
0
0
0
0
0
0
0
0
0
0
0
0
0
0
0
608
750
727
717
448
508
659
514
600
522
865
970
715
752
867
733
945
901
911
932
933
930
890
896
900
899
847
832
835
892
947
895
732
732
703
775
661
856
873
922
947
942
969
970
960
903
920
912
839
970
1013
840
756
711
813
808
528
888
712
646
676
783
687
708
821
670
837
775
727
816
869
793
775
778
808
812
735
769
801
780
814
765
761
783
607
612
637
538
393
397
349
355
340
338
303
263
279
195
149
96
59
42
26
14
4
1
0
0
0
0
0
0
0
0
0
0
0
0
0
0
0
0
0
0
0
0
0
0
0
0
0
0
0
0
0
0
0
0
0
0
0
0
0
0
0
0
0
0
0
0
0
0
0
0
0
0
0
0
0
0
0
0
0
0
0
0
0
0
0
0
0
0
0
0
0
0
0
0
0
0
0
0
0
0
0
0
0
0
0
0
0
0
0
0
0
0
0
0
0
0
0
0
0
0
0
0
0
0
0
0
1
5
16
33
63
104
148
188
245
376
410
442
370
320
385
712
669
760
622
735
741
682
416
560
818
442
600
457
916
953
556
962
772
796
540
534
554
535
721
601
936
986
978
966
927
963
968
570
733
999
989
954
950
948
942
941
945
942
946
946
938
939
944
941
938
945
939
936
948
958
951
951
964
942
928
934
945
943
933
935
933
932
941
944
945
937
934
936
948
946
942
940
937
938
938
940
941
942
941
940
941
940
938
936
933
929
925
919
912
902
891
873
846
780
723
574
329
126
85
48
24
11
3
0
0
0
0
0
0
0
0
0
0
0
0
0
0
0
0
0
0
0
0
0
0
0
0
0
0
0
0
0
0
0
0
0
0
0
0
0
0
0
0
0
0
0
0
0
0
0
0
0
0
0
0
0
0
0
0
0
0
0
0
0
0
0
0
0
0
0
0
0
0
0
0
0
0
0
0
0
0
0
0
0
0
0
0
0
0
0
0
0
0
0
0
0
0
0
0
0
0
0
0
0
0
0
0
0
1
6
17
36
68
109
149
183
219
298
388
382
470
381
430
428
791
801
472
774
755
507
434
492
623
551
675
600
931
678
698
825
970
671
526
672
591
797
790
772
816
965
970
956
971
929
888
649
891
908
977
943
957
944
948
947
947
944
937
936
946
940
944
937
943
946
941
931
937
930
940
941
939
946
943
946
938
938
937
945
940
936
938
936
936
939
941
941
939
944
943
942
941
939
939
941
941
941
938
938
937
940
938
937
939
932
925
917
908
896
880
855
811
711
584
374
180
113
65
35
17
6
1
0
0
0
0
0
0
0
0
0
0
0
0
0
0
0
0
0
0
0
0
0
0
0
0
0
0
0
0
0
0
0
0
0
0
0
0
0
0
0
0
0
0
0
0
0
0
0
0
0
0
0
0
0
0
0
0
0
0
0
0
0
0
0
0
0
0
0
0
0
0
0
0
0
0
0
0
0
0
0
0
0
0
0
0
0
0
0
0
0
0
0
0
0
0
0
0
0
0
0
0
0
0
0
0
0
1
6
12
14
43
85
150
81
201
239
335
319
472
658
343
353
297
435
650
683
441
540
418
585
733
580
608
716
769
852
818
891
917
918
880
911
940
933
936
950
961
926
961
890
920
942
969
957
936
948
942
949
891
941
974
960
884
931
916
895
1007
994
907
963
976
972
887
864
842
844
842
856
847
858
884
923
913
824
801
827
705
754
693
692
735
639
549
541
576
488
449
555
488
474
373
339
341
361
400
433
397
418
532
603
625
529
414
425
462
432
411
363
266
179
152
122
72
37
14
8
5
2
0
0
0
0
0
0
0
0
0
0
0
0
0
0
0
0
0
0
0
0
0
0
0
0
0
0
0
0
0
0
0
0
0
0
0
0
0
0
0
0
0
0
0
0
0
0
0
0
0
0
0
0
0
0
0
0
0
0
0
0
0
0
0
0
0
0
0
0
0
0
0
0
0
0
0
0
0
0
0
0
0
0
0
0
0
0
0
0
0
0
0
0
0
0
0
0
0
0
0
0
0
0
0
0
0
0
2
7
18
37
66
107
146
194
319
374
454
509
284
343
515
807
851
777
592
738
778
609
559
436
713
596
616
687
482
687
693
778
926
953
824
947
852
864
784
852
970
914
856
984
950
944
903
915
837
902
979
981
959
953
952
953
954
956
959
959
957
963
961
958
952
949
951
957
960
952
947
957
963
958
949
953
951
952
950
956
962
954
954
950
951
955
953
954
950
953
952
951
951
942
954
953
951
945
939
935
928
930
925
921
915
909
902
892
880
863
836
799
647
555
416
262
134
79
42
22
9
3
0
0
0
0
0
0
0
0
0
0
0
0
0
0
0
0
0
0
0
0
0
0
0
0
0
0
0
0
0
0
0
0
0
0
0
0
0
0
0
0
0
0
0
0
0
0
0
0
0
0
0
0
0
0
0
0
0
0
0
0
0
0
0
0
0
0
0
0
0
0
0
0
0
0
0
0
0
0
0
0
0
0
0
0
0
0
0
0
0
0
0
0
0
0
0
0
0
0
0
0
0
0
0
0
0
0
2
8
21
42
80
117
160
210
297
425
287
523
474
539
725
833
737
736
842
741
743
719
558
484
737
718
679
555
543
800
842
879
950
911
927
747
581
589
592
591
622
941
698
918
876
918
689
757
837
605
794
927
951
942
938
932
931
954
941
940
942
936
938
936
935
928
923
924
921
923
925
925
926
921
927
943
931
932
932
942
933
934
931
930
932
929
934
936
931
930
927
929
933
933
930
929
929
929
928
934
938
936
937
937
927
919
907
895
881
855
743
185
144
131
114
89
54
25
15
7
2
0
0
0
0
0
0
0
0
0
0
0
0
0
0
0
0
0
0
0
0
0
0
0
0
0
0
0
0
0
0
0
0
0
0
0
0
0
0
0
0
0
0
0
0
0
0
0
0
0
0
0
0
0
0
0
0
0
0
0
0
0
0
0
0
0
0
0
0
0
0
0
0
0
0
0
0
0
0
0
0
0
0
0
0
0
0
0
0
0
0
0
0
0
0
0
0
0
0
0
0
0
0
0
0
0
0
0
1
6
19
40
65
90
115
158
174
351
312
477
415
522
785
871
832
689
814
832
617
630
646
880
841
852
903
892
878
896
892
876
932
880
847
852
865
862
847
829
813
820
846
862
856
863
897
900
917
908
863
779
770
748
765
703
734
792
830
814
692
758
753
746
751
786
858
876
839
872
919
902
905
983
875
887
924
829
865
901
939
905
881
852
860
935
881
854
905
834
985
822
779
675
568
601
639
705
859
823
864
836
779
696
689
881
917
897
873
755
668
482
424
320
295
159
81
52
21
8
3
0
0
0
0
0
0
0
0
0
0
0
0
0
0
0
0
0
0
0
0
0
0
0
0
0
0
0
0
0
0
0
0
0
0
0
0
0
0
0
0
0
0
0
0
0
0
0
0
0
0
0
0
0
0
0
0
0
0
0
0
0
0
0
0
0
0
0
0
0
0
0
0
0
0
0
0
0
0
0
0
0
0
0
0
0
0
0
0
0
0
0
0
0
0
0
0
0
0
0
0
0
0
0
0
0
0
0
1
6
17
33
60
97
142
185
258
347
279
434
368
439
812
774
842
601
783
769
547
445
466
866
768
496
787
687
849
911
903
890
858
796
677
581
702
800
800
704
758
871
853
743
774
649
825
726
729
725
988
952
939
934
938
932
936
933
926
922
922
921
935
923
934
932
936
927
928
941
929
925
921
929
923
922
932
927
932
927
934
926
931
931
931
935
935
934
934
941
941
938
938
936
945
949
936
934
939
932
928
925
921
915
909
901
889
868
765