0
0
0
0
0
0
0		
0
0
0
0
0
0
0
0
0
0
0
0
0
0
0
0
0
0
0
0
0
0
0
0
0
0
0
0
0
0
0
0
0
0
0
0
0
0
0
0
0
0
0
0
0
0
0
0
0
0
0
0
1
6
19
40
65
90
115
158
174
351
312
477
415
522
785
871
832
689
814
832
617
630
646
880
841
852
903
892
878
896
892
876
932
880
847
852
865
862
847
829
813
820
846
862
856
863
897
900
917
908
863
779
770
748
765
703
734
792
830
814
692
758
753
746
751
786
858
876
839
872
919
902
905
983
875
887
924
829
865
901
939
905
881
852
860
935
881
854
905
834
985
822
779
675
568
601
639
705
859
823
864
836
779
696
689
881
917
897
873
755
668
482
424
320
295
159
81
52
21
8
3
0
0
0
0
0
0
0
0
0
0
0
0
0
0
0
0
0
0
0
0
0
0
0
0
0
0
0
0
0
0
0
0
0
0
0
0
0
0
0
0
0
0
0
0
0
0
0
0
