28.2
24.5
24.7
24
24.2
25.1
24.2
23.7
21.8
20.4
20.4
22.1
21.4
20
19
18.8
18.5
17.6
16.6
16.5
16.2
16
15.7
15.7
15.7
15.6
15.5
15.4
15.2
15.4
15.4
15.4
15.5
15.5
15.5
15.5
15.4
15.4
15.2
15
14.8
14.6
14.4
13.9
13.8
13.8
13.7
13.7
13.7
13.8
13.8
13.8
13.7
13.7
13.7
13.7
13.7
13.7
13.7
13.8
13.7
13.7
13.7
13.7
13.8
13.8
13.8
13.8
13.8
13.8
13.8
13.8
13.7
13.7
13.7
13.8
13.8
13.8
13.8
13.8
13.8
13.8
13.8
13.8
13.8
13.8
13.7
13.7
13.7
13.7
13.7
13.7
13.5
13.5
13.5
13.5
13.7
13.5
13.4
13.4
13.4
13.4
13.4
13.5
13.7
13.7
13.7
13.7
13.7
13.8
13.8
13.8
13.7
13.7
13.7
13.8
13.8
13.8
13.7
13.7
13.7
13.5
13.5
13.5
13.7
13.5
13.5
13.4
13.4
13.4
13.4
13.5
13.5
13.7
13.7
13.7
13.8
14
14.2
14.3
14.4
14.5
14.6
14.6
14.8
14.9
14.9
15.1
15.2
15.4
15.5
15.6
15.7
16
16.3
16.5
16.6
16.7
16.8
16.8
16.7
16.6
16.5
16.3
16.3
16.3
16.3
16.5
16.5
16.7
17
17.1
17.3
17.4
17.7
17.9
18.3
18.5
18.4
18.1
17.8
17.4
17.3
17.3
17.6
17.9
18.2
18.2
18.1
18.2
17.9
17.8
18.1
18.2
18.3
18.8
19.5
20.5
20
19.8
19.5
19.6
19.6
20.4
20
21
22.5
22.3
22.9
22.6
23.9
25.1
24.8
24.3
24.9
25.5
26.7
27.2
26.7
27.2
27.1
27
26.4
27.2
27.1
26.2
26.2
26.1
25.5
23.6
23.6
23.8
23.7
23.9
24.5
23.9
22.8
23.9
23.6
24
24.8
24.2
23.6
23.6
22.9
23.3
24.5
24.7
23.9
22.9
22.6
21.7
21.2
20.7
20
19.6
19.3
19
18.7
18.3
17.7
17.2
16.8
16.5
16.1
15.9
15.6
15.5
15.4
15.1
14.9
14.8
14.6
14.4
14.2
14
14
13.9
13.7
13.7
13.5
13.3
13.2
12.9
12.8
12.7
12.8
12.8
12.7
12.6
12.4
12.3
12.4
12.4
12.4
12.3
12.2
12.1
12
12
11.8
11.7
11.5
11.1
11.1
11
10.9
10.7
10.6
10.6
10.6
10.5
10.4
10.2
10.2
10.1
10.2
10.1
10
9.9
9.8
9.8
9.8
9.8
9.8
9.8
9.8
9.9
9.9
9.9
9.8
9.6
9.5
9.6
9.8
9.6
9.5
9.4
9.4
9.3
9.3
9.3
9.5
9.6
9.5
9.4
9.1
9.1
9.1
9.3
9.5
9.4
9.3
9
8.9
8.9
8.8
8.8
8.8
8.9
9
9.1
9.3
9.4
9.5
9.8
10.1
10.4
10.6
11.1
11.6
12
12.3
12.7
13.1
13.4
13.8
14.2
14.6
15.1
15.6
16
16.3
16.6
17
17.4
17.7
18.1
18.4
18.8
19
19.3
19.6
20
20.4
20.6
21
21.5
21.7
22.2
22.6
22.9
23.2
23.4
23.9
24
24.3
24.5
24.8
25
25.5
25.6
26.1
26.6
26.8
27.1
27.7
27.9
28.3
28.8
29.2
29.5
29.5
30
30.4
30.9
30.9
31.2
31.5
32
32.3
32.5
32.8
33
33
33
33.3
33.4
33.9
33.4
33.6
33.7
33.9
34.1
33.7
34.3
34.2
34.7
34.7
34.9
35
35
35.3
35.6
35.6
35.6
35.3
35
35.6
35.6
35.9
35.5
35.5
35.5
35.4
35.8
35.4
35.3
35.6
35
33.9
32.1
30.5
29.8
30.5
31
29.3
27.8
27
25.8
24.9
24
23.4
22.7
22.3
21.5
20.6
20.3
19.9
19.6
19.5
19.4
19.2
19
18.9
18.7
18.5
18.3
18.1
17.7
17.4
17.2
17.1
17
16.7
16.5
16.3
16
15.9
15.5
15.4
15.2
15.1
15.1
15.1
15
15.2
15.2
15.1
15
14.6
14.8
14.9
14.9
14.6
14.5
14.3
14.2
14
13.9
13.8
13.7
13.7
13.7
13.3
13.2
13.1
13.2
13.5
13.8
13.8
14
14.3
14.4
14.4
14.4
14.5
14.5
14.5
14.3
14.3
14.2
13.8
13.8
13.7
13.4
13.2
13.1
13.1
13.2
13.1
12.9
12.8
12.7
12.4
12.3
12.3
12.3
12.4
12.2
12.6
12.6
12.6
12.7
12.8
12.9
13.1
13.2
13.2
13.1
13.1
13.1
13.1
12.9
12.9
12.9
13.2
13.3
13.5
13.8
14.2
14.3
14.4
14.5
14.8
15
15.4
15.7
16.1
16.2
16.6
16.8
17.1
17.3
17.6
17.8
18.1
18.4
18.7
18.9
19.3
19.6
19.9
20.1
20.3
20.6
20.9
21
21.4
21.5
21.6
21.7
22
22.5
22.5
22.7
22.8
23.2
23.4
22.6
23.6
23.6
24.8
25.6
26.5
25.4
25.9
23.7
22.5
22.2
22
22.1
21.8
21.6
21.4
21.5
21.7
21.2
21.1
20.7
21.2
21.6
21.4
21.1
21
21
21.2
21.1
20.9
21.2
21.4
21
21.1
21
21.2
21.5
21.5
21.4
20.9
20.9
20.7
20.9
21
20.9
20.6
20.7
21
21
20.4
20.3
20.7
20.7
20.6
20.7
20.3
20.5
20.6
20.5
20.5
20.6
20.6
20.6
20.4
20.1
19.9
19.9
19.8
19.8
19.8
19.8
19.8
19.5
19.4
19.3
19
18.9
19
19
18.9
18.8
18.7
18.5
18.4
18.4
18.3
18.2
18.2
18.1
17.9
17.9
17.8
17.8
17.8
17.7
17.6
17.6
17.4
17.3
17.3
17.2
17.3
17.3
17.3
17.3
17.1
17
16.8
16.8
16.7
16.7
16.7
16.6
16.6
16.5
16.6
16.5
16.5
16.5
16.3
16.2
16.1
16
15.7
15.6
15.4
15.2
15.1
15
14.8
14.5
14.5
14.3
14.2
13.9
13.8
13.8
13.8
13.7
13.7
13.4
13.4
13.4
13.3
13.3
13.4
13.3
13.4
13.1
13.1
13.1
13.1
13.1
12.9
12.8
12.8
12.8
12.8
12.8
12.7
12.7
12.6
12.6
12.6
12.6
12.6
12.4
12.4
12.4
12.6
12.6
12.3
12.3
12.3
12.2
12.1
12
12
12
11.8
11.7
11.8
11.7
11.7
11.6
11.5
11.3
11.5
11.7
11.8
12.1
12.6
12.7
12.9
13.3
13.5
13.8
14.2
14.5
14.9
14.9
15
15.2
15.6
16.1
16.5
17
17.3
17.7
18.1
18.3
18.5
18.9
19
19.5
19.8
20
20.4
20.7
21
21.2
21.6
22
22.2
22.5
22.7
23.2
23.3
23.7
24.2
24.4
24.5
24.8
25.1
25.8
26.1
26.1
26.4
26.6
26.8
27.1
27.6
27.7
28.2
28.7
35.2
35.2
36
35.9
35.8
36.4
35.5
35.8
36.1
36
35.8
35.6
35.5
35.8
35.8
35.3
34.9
35.2
34.9
34.5
34.3
33.8
33.4
32.6
31.5
31
18.1
18.4
18.5
18.8
19.2
19.4
19.6
19.9
20
20.5
20.7
21.2
21.8
22.2
22.5
22.8
22.8
23.3
23.7
24
24.2
24.5
24.7
24.9
25.3
25.8
26
26.5
27
27.1
27.6
27.5
28.1
28.3
28.4
29
29.5
29.9
30.1
30.5
30.1
30.8
31
31.2
31.5
32
32.2
33.1
33.2
33.4
33.8
33.6
33.8
34.5
34.5
34.9
35.2
35.4
35.4
35
35.6
35.5
36.1
36.1
35.9
36
36.7
36.4
36.6
36.7
36.6
36.9
37.3
36.9
36.9
36.5
36.9
36.6
36.4
36.7
36.1
36.4
36.1
35.9
36
36.4
36.1
35.9
35.4
34.8
34.1
32.2
31
30.6
30
29.8
28.7
27.6
26.6
26.2
26.2
25.9
25.1
24.8
24.3
23.6
22.9
22.3
22.1
21.8
21.7
21.6
21.2
21.2
21.4
21.2
21.1
21
20.9
20.7
20.6
20.5
20.3
20.3
20.1
20.1
20.1
20.3
20.4
20.4
20.3
20
19.9
19.8
19.8
19.8
19.8
19.8
19.9
19.8
19.8
19.6
19.6
19.5
19.4
19.4
19.3
19.3
19.3
19.2
19.2
19
19
18.9
18.9
18.9
18.7
18.7
18.7
18.7
18.7
18.7
18.5
18.4
18.4
18.4
18.4
18.4
18.4
18.5
18.5
18.5
18.4
18.4
18.4
18.4
18.4
18.4
18.5
18.5
18.5
18.5
18.5
18.5
18.5
18.5
18.5
18.5
18.5
18.4
18.3
18.2
17.7
16.6
16.5
16.2
16.1
16.1
16.1
16.1
16.1
16.1
16.1
16
16
16
15.9
15.7
15.4
14.9
15
15
14.9
14.9
14.9
15
15
15
14.9
14.9
14.8
14.6
14.8
14.6
14.6
14.5
14.6
14.6
14.8
14.8
14.9
15.4
16
15.9
15.7
16
16.3
16.7
16.7
16.8
16.8
16.7
16.7
17.1
17.3
18.1
18.5
19.3
19.5
20.3
20.1
19.9
19.9
21.2
21.5
21.5
22.9
23.4
23.4
23.8
24.7
24.9
25.1
25.4
25.8
25.3
26.2
27.1
27.3
27.7
27.9
28.6
28.8
29.2
29
29.5
29.5
29.7
30.1
30.4
31
31.2
31.1
31.1
31.9
31.9
31.9
31.9
32.7
32.8
32.8
33
32.8
33.1
33
33.3
32.8
33.4
33.3
33.7
34.1
33.6
34.3
34.1
33.6
33.2
31.6
31.2
30.9
30.6
31.5
31.6
31.9
30.5
31.1
31.1
32.1
31.6
30.4
29.8
28.9
27.8
27.3
26.2
25.4
25
24.9
24.3
23.6
22.8
22.2
21.7
21.1
20.7
20.3
19.8
19.3
19.2
18.9
18.7
18.4
18.3
18.2
17.9
17.7
17.6
17.4
17.2
17.1
16.8
16.7
16.7
16.5
16.3
16.3
16.2
16.1
16.1
16
16
15.9
15.9
15.6
15.5
15.4
15.2
15.2
15.1
15
15
15
14.9
14.9
14.9
14.6
14.6
14.4
14.2
14
13.9
13.8
13.8
13.8
13.8
13.7
13.7
13.7
13.5
13.5
13.5
13.3
13.2
13.2
13.1
13.1
13.2
13.1
12.9
12.9
12.8
12.7
12.6
12.6
12.6
12.3
12.1
12.1
12.1
12.1
12
11.8
11.8
11.7
11.8
12
11.8
11.7
11.7
11.7
11.7
11.6
11.7
11.5
11.3
11.3
11.3
11.2
11.2
11.2
11.2
11.2
11.2
11.2
11.2
11.3
11.5
11.6
11.8
12.1
12.2
12.4
12.7
13.1
13.4
13.8
14.2
14.4
14.6
14.9
15.4
15.7
16.1
16.5
16.8
17.1
17.4
17.8
18.1
18.4
18.8
19.2
19.3
19.5
19.8
20
20.4
20.7
20.9
21.4
21.6
22
22.1
22.6
22.8
22.9
23.6
23.8
23.8
24.7
25.1
25.4
25.9
26.1
26.5
26.6
27.1
27.2
27.8
28.1
28.3
28.9
29.3
29.8
30.3
30.4
30.8
30.9
31.1
31.7
32
32.3
32.6
32.7
32.6
33.6
33.1
33.7
33.9
34.2
34.4
34.7
35.4
35.6
35.5
36.4
36.1
35.9
36
36.9
36.9
37.2
37.3
37.2
37
37
37
37
37.2
36.9
37.3
37.5
37.8
37.2
36.9
37.2
36.9
36.9
37
36.9
36.6
36.5
36.4
36.4
36.1
35
34.4
33.8
34.2
33.6
32.3
30.9
29.8
28.4
27.3
26.8
25.9
25.4
25.1
24.8
24.7
24
23.6
22.9
23.1
22.5
22.3
22.1
21.6
21.2
21
21
20.9
20.6
20.3
20.3
20.1
20.1
20
20
19.8
19.6
19.6
19.5
19.4
19
19
19
18.8
18.8
18.8
18.8
18.8
18.8
18.7
18.5
18.4
18.4
18.5
18.5
18.5
18.5
18.7
18.7
18.7
18.5
18.5
18.5
18.5
18.5
18.5
18.5
18.5
18.5
18.5
18.5
18.4
18.4
18.4
18.4
18.3
18.2
18.1
17.9
17.8
17.8
17.8
17.8
17.9
17.9
18.1
18.1
18.1
18.1
18.1
18.1
18.1
18.1
18.1
18.1
18.1
18.1
18.1
17.9
17.9
17.9
17.9
17.9
17.8
17.8
17.8
17.9
17.8
17.8
17.8
17.8
17.8
17.8
17.8
17.8
17.8
17.8
17.8
17.8
17.9
18.1
18.2
18.3
18.4
18.5
18.7
18.8
18.8
18.9
19.2
19.3
19.5
19.6
19.6
19.6
19.6
20
20.3
20.5
20.6
20.9
21
21.2
21.5
21.5
21.8
22.6
22.3
22.1
22
22.2
22
22.6
22.7
22.8
23.1
22.9
23.1
24.4
23.8
23.2
22.5
22.1
22.1
22
21.5
21.5
21.4
21
20.7
20.5
20.3
20
20
19.9
19.8
19.6
19.5
19.6
19.8
19.6
19.5
19.3
19
18.9
18.9
18.8
18.7
18.7
18.5
18.5
18.4
18.2
18.2
18.1
17.9
17.9
17.9
17.9
17.9
17.7
17.4
17.3
17.3
17.3
17.3
17.3
17.3
17.3
17.3
17.2
17.2
17.2
17.1
17
17
17.1
17
17
16.7
16.7
16.6
16.6
16.5
16.3
16.3
16.2
16.2
16.1
16.1
16.1
16
16
16
16
15.9
15.9
15.7
15.6
15.6
15.6
15.6
15.5
15.6
15.6
15.6
15.6
15.6
15.6
15.5
15.6
15.6
15.6
15.5
15.6
15.6
15.6
15.5
15.5
15.5
15.5
15.5
15.5
15.4
15.4
15.4
15.4
15.4
15.4
15.4
15.2
15.2
15.2
15.2
15.2
15.2
15.1
15.1
15
14.9
14.9
14.9
14.9
14.9
14.9
14.8
14.8
14.8
14.8
14.8
14.8
14.8
14.8
14.8
14.6
14.5
14.4
14.2
14
13.8
13.5
13.5
13.4
13.3
13.3
13.2
13.2
13.1
13.1
13.1
13.1
12.9
12.8
12.8
12.7
12.7
12.7
12.8
12.8
12.7
12.6
12.6
12.8
12.8
12.6
12.6
12.6
12.4
12.4
12.6
12.6
12.6
12.7
12.8
12.9
12.9
13.1
13.3
13.4
13.5
13.5
13.5
13.7
13.7
13.7
13.8
13.8
13.9
14
14.2
14.2
14.3
14.4
14.6
14.8
14.9
15
15.1
15.1
15.1
15.1
15.2
15.4
15.6
15.7
15.9
15.9
15.9
15.9
16
16
16
15.6
15.6
15.7
15.7
15.7
16
16.2
16.5
16.5
16.6
16.5
16.6
16.7
16.6
16.8
17
17.3
17.4
17.6
17.8
18.1
18.2
18.1
17.8
17.7
17.4
17.6
17.7
17.9
18.1
17.9
17.9
18.2
19
19.3
19.4
19.3
19.3
19.4
19.5
19.5
19.6
19.8
19.8
19.6
19.5
19.6
19.6
19.8
20
19.9
19.6
19.6
19.9
20
20.1
20.5
20.7
20.9
20.9
20.9
20.6
20.6
20.7
21
21
21
21
20.9
20.9
20.9
20.7
20.5
20.3
20.1
20
19.9
19.8
19.5
19.4
19.2
19
19
18.8
18.8
18.7
18.5
18.4
18.3
18.2
18.1
18.1
17.9
17.8
17.8
17.7
17.6
17.4
17.4
17.3
17.3
17.3
17.2
17.2
17.1
17.1
17
16.8
16.7
16.6
16.6
16.6
16.6
16.6
16.6
16.5
16.5
16.5
16.2
16.1
16
15.9
15.7
15.6
15.5
15.2
15.1
15
15
15.1
15.2
15.2
15.1
15
14.8
14.8
14.6
14.5
14.4
14.3
14
14
14
13.9
14
13.9
13.8
13.8
13.8
13.7
13.5
13.5
13.3
13.3
13.1
12.9
13.1
12.9
12.9
12.9
12.8
12.8
12.6
12.7
12.8
12.6
12.6
12.4
12.4
12.4
12.3
12.3
12.3
12.2
12.2
12.2
12.2
12.2
12.1
12.1
12
12
12
12
11.8
11.8
11.8
11.8
11.7
11.7
11.8
11.8
11.8
11.8
12
12
11.8
11.8
11.8
11.8
12
12.1
12.2
12.2
12.6
12.7
12.9
13.2
13.4
13.7
13.9
14.2
14.5
14.9
15.1
15.6
15.9
16.2
16.6
17
17.2
17.6
17.8
18.2
18.4
18.8
19.2
19.4
19.6
20
20.4
20.7
21
21.4
21.7
22
22.2
22.5
22.7
22.9
22.9
23.2
23.4
23.7
24.3
24.5
24.8
25.1
25.3
25.6
26.1
26.5
26.6
26.7
27.5
27.5
27.8
28.3
28.7
28.9
29.2
29.7
29.9
30.4
30.4
30.8
31.2
31.5
32
32.5
32.6
32.6
32.8
32.8
33.3
33.7
34.1
34.1
33.9
34.5
34.9
35
34.9
35.3
35.5
35.5
35.9
36.1
35.6
36
36.1
36
36.6
36.3
36.5
36.6
36.9
37.3
37.3
37.3
37.5
37.6
37.5
37.1
37.2
36.6
37
36.7
36.7
36.4
36.1
35.9
34.8
34.3
33.7
33.3
31.7
30.3
29.2
28.6
28.1
27.7
27.1
26.2
25.5
25.1
24.3
24.2
23.6
23.3
22.7
22.3
22
21.8
21.5
21.1
20.9
20.7
20.6
20.3
20.1
20
20
19.9
19.8
19.6
19.6
19.4
19.3
19.2
18.9
18.8
18.7
18.5
18.3
18.2
18.1
17.9
17.9
17.9
17.9
17.8
17.7
17.7
17.6
17.4
17.4
17.3
17.3
17.3
17.2
17.2
17.1
17.1
16.8
16.7
16.7
16.6
16.6
16.6
16.6
16.5
16.5
16.5
16.3
16.2
16.1
16
15.9
15.9
15.9
15.7
15.7
15.7
15.7
15.7
15.6
15.6
15.6
15.5
15.4
15.2
15.2
15.1
15.2
15.2
15.1
15
15.1
15.1
15.1
15
14.9
14.9
15
14.9
14.8
14.8
14.8
14.6
14.6
14.8
14.5
14.8
14.8
14.8
14.8
14.9
15
15.2
15.5
15.6
15.9
16.1
16.3
16.6
16.8
17
17.3
17.4
17.7
17.9
18.1
18.2
18.3
18.5
18.7
18.9
19
19
19.4
19.6
20.1
20.3
20.3
20.6
20.7
21.1
21.2
21.5
21.4
21.6
21.5
21.7
22
22.2
22.2
22.1
22.5
22.7
23.3
24
23.9
24.2
24.7
24.4
25.1
25.4
25.6
26.2
26.6
26.1
26
26.6
27.1
27
26.4
26
27.2
27.9
27.9
29.8
29
27.7
29.9
30.8
30.8
31.9
32.3
32.6
33.1
33.4
33.4
33.7
33.4
33.4
33.4
34.4
34.1
33.3
31.9
30.6
29.9
29.2
28.7
27.8
27.2
27
26.7
26.6
26.4
26.5
26.1
26.1
25.8
25.8
26
25.5
24.8
24.4
24.2
24
23.8
23.6
23.2
22.8
22.8
22.8
22.8
22.9
22.7
22.3
22.3
22.2
22
21.8
21.7
21.7
21.7
21.7
21.7
21.8
21.7
21.7
21.8
21.7
21.7
21.6
21.6
21.6
21.6
21.5
21.5
21.4
21.4
21.4
21.4
21.4
21.4
21.4
21.2
21.4
21.2
21.2
21.1
21.1
21
21.1
21
21
21
21
21
21
21
20.9
20.9
20.9
20.9
20.7
20.9
20.7
20.7
20.7
20.7
20.6
20.6
20.6
20.5
20.5
20.5
20.5
20.4
20.3
20.1
20
19.9
19.8
19.8
19.8
19.8
19.8
19.5
19.5
19.5
19.6
19.5
19.5
19.4
19.4
19.3
19.2
19.2
19.2
19
18.8
18.7
18.5
18.4
18.2
18.2
18.1
18.1
18.1
18.1
18.1
18.1
18.1
18.1
18.1
18.1
18.1
17.9
18.1
18.1
18.1
18.2
18.1
18.2
18.2
18.2
18.1
18.1
18.2
18.1
18.1
18.1
18.1
18.1
18.1
18.1
18.1
18.2
18.2
18.1
18.1
18.1
18.2
18.3
18.3
18.5
18.5
18.5
18.5
18.4
18.5
18.5
18.5
18.5
18.7
18.5
18.5
18.7
18.8
18.8
18.8
18.9
18.9
18.9
18.9
18.9
18.9
19
18.9
18.9
19.2
19.2
19.3
19.4
19.5
19.5
19.4
19.4
19.4
19.3
19
19
19.4
19.5
19.6
19.8
19.6
19.8
19.4
19.8
19.6
19.5
19.6
19.5
19.6
19.8
19.8
19.6
19.6
19.5
19.6
19.8
19.6
19.6
19.6
19.8
20
20
20
20.1
19.9
19.9
19.9
19.9
19.6
19.8
19.5
19.5
19.4
19.5
19.6
19.6
19.6
19.5
19.5
19.5
19.5
19.5
19.3
19.4
19.2
19.3
19
19
18.9
18.9
18.8
18.9
18.8
18.9
18.8
18.5
18.5
18.4
18.2
18.2
18.2
17.9
17.9
17.9
17.8
17.8
17.8
17.9
17.9
17.9
17.7
17.6
17.4
17.4
17.4
17.4
17.3
17.3
17.4
17.6
17.6
17.6
17.4
17.4
17.4
17.4
17.3
17.3
17.4
17.3
17.3
17.3
17.3
17.3
17.2
17.1
16.8
16.7
16.7
16.6
16.3
16.2
16.2
16.2
16.1
16
15.9
15.7
15.6
15.5
15.4
15.2
15.1
15.1
15
14.9
14.8
14.6
14.5
14.4
14.4
14.3
14.2
14.2
14
14
13.9
13.9
14
14.2
14.2
13.9
13.7
13.8
13.8
13.8
13.7
13.5
13.7
13.5
13.4
13.4
13.4
13.3
13.2
13.2
13.1
13.2
13.2
13.3
13.2
13.1
12.9
12.9
12.7
12.8
12.8
12.8
12.7
12.7
12.6
12.6
12.6
12.6
12.6
12.4
12.4
12.7
12.8
12.9
12.8
12.8
12.7
12.7
12.8
12.9
13.3
13.7
13.7
13.8
14
14.3
14.6
15
15.2
15.5
15.7
16
16.3
16.6
16.8
16.8
17
17.3
17.6
18.1
18.3
18.4
18.7
19
19.4
19.5
19.8
20
20.3
20.4
20.7
21
21.1
21.5
21.7
22
22.3
22.7
22.9
23.2
23.6
23.7
24.2
24.3
24.7
24.9
25.4
25.8
25.8
26.1
26.4
26.6
26.8
27.2
27.5
27.2
27.6
27.9
28.2
28.3
29
29.4
29.4
29.8
30.1
30.5
30.5
30.1
31.2
31.2
31.9
31.9
32.3
32.2
31.2
31.5
31.2
32.5
33.2
33.6
33.9
34.1
34.5
34.4
34.7
35.2
35.4
35.6
35.6
36.4
36.3
35.8
35.3
35.5
35.3
34.9
34.5
34.7
34.8
34.9
34.9
35
35.2
35.2
34.7
34.8
34.4
34.1
33.7
32.8
31.2
29.8
28.6
27.9
27.6
27.2
27.2
26.8
26.2
25.3
24.4
23.8
23.1
22.6
22.3
22.2
21.8
21.5
21.2
21
20.9
20.6
20.4
20.3
20
19.8
19.8
19.8
20
19.9
19.6
19.8
19.6
19.6
19.6
19.6
19.5
19.4
19.2
19
18.8
18.5
18.4
18.3
18.2
17.8
17.8
17.9
17.9
17.8
17.6
17.4
17.1
17.1
16.8
16.8
16.8
16.6
16.6
16.3
16.2
16.1
16.1
16
16
16
15.6
15.5
15.5
15.4
15.5
15.4
15.2
15.2
15.2
15.2
15
14.9
14.9
14.9
14.8
14.8
14.6
14.6
14.5
14.6
14.6
14.5
14.5
14.4
14.4
14.3
14.4
14.4
14.3
14.4
14.4
14.3
14.3
14.3
14.6
14.5
14.4
14.4
14.4
14.4
14.4
14.4
14.3
14.2
13.9
13.9
14
13.9
14
14.2
14.4
14.6
14.6
14.9
15.1
15.5
15.6
16
16.2
16.5
16.7
16.8
17.2
17.4
17.7
17.9
18.2
18.4
18.7
19
19.3
19.5
19.9
20.1
20.5
20.9
21.1
21.5
21.7
22
22.5
22.8
23.1
23.6
23.8
24.2
24.2
24.5
24.7
25.1
25.6
26
25.9
26.1
26.5
26.8
27.1
27.5
28.1
28.6
28.8
28.9
29
29.3
29.7
29.8
30.1
30.6
31.1
31.6
32.1
32.3
32.8
33.4
33.4
33.7
33.8
33.7
34.1
34.1
34.4
34.8
35.5
35.5
35.6
35.6
35.8
35.4
35.8
36
36.4
36.9
36.5
36.9
37
37.3
37.3
37
37.2
37.2
37.6
38.1
37.7
37.5
37.7
38.1
38
37.6
37.5
37.2
36.9
36.9
37.1
36.7
36.5
36.6
36.6
36.1
35.9
35.4
34.4
33
31.6
30.4
29.8
29
28.4
28.4
27.9
27.2
26.6
25.9
25
24.3
24.3
24.2
23.8
23.4
23.4
23.3
23.2
22.8
22.7
22.3
22.2
21.8
21.7
21.6
21.5
21.4
21.4
21.2
21.1
21.1
21
21
20.9
20.9
20.9
21
21
20.9
20.7
20.6
20.6
20.5
20.4
20.4
20.3
20.3
20.4
20.4
20.3
20.3
20
19.9
19.9
19.8
19.8
19.8
19.8
19.8
19.8
19.6
19.5
19.5
19.5
19.5
19.5
19.5
19.5
19.5
19.5
19.5
19.5
19.5
19.5
19.5
19.5
19.5
19.6
19.6
19.6
19.6
19.6
19.6
19.5
19.5
19.5
19.5
19.5
19.5
19.4
19.5
19.4
19.4
19.4
19.3
19.3
19.3
19.4
19.4
19.4
19.5
19.5
19.5
19.5
19.5
19.5
19.5
19.5
19.5
19.6
19.6
19.6
19.6
19.8
19.8
19.8
19.8
19.8
19.8
19.9
20.1
20.3
20.4
20.5
20.7
20.9
21
20.9
20.9
21.1
21.5
21.5
21.4
21.2
21
21
21
21
21.1
21.2
21.1
21.4
21.5
21.8
22
22.1
22.2
22.3
22.6
22.9
23.3
23.4
23.3
23.3
23.1
23.1
22.9
22.8
22.7
22.3
22.1
22.1
22.2
22.3
22.3
22.3
22.8
23.2
23.4
23.6
23.6
23.6
23.7
23.7
23.9
24.2
24.3
24
23.7
23.8
23.9
24.2
24.4
24.5
26
28.2
28.2
28.9
28.4
28.1
27.9
28.8
29.8
32.5
33.3
34.4
34.8
35
35.3
33.9
33
31.1
30.4
28.8
27
26.5
27.7
28.6
29.7
31.4
32.3
31.6
31
29.5
28.7
28.7
28.4
27.9
26.8
26.1
25.6
24.4
23.7
23.2
23.2
23.3
23.3
23.2
23.2
22.7
22.5
22.1
22.1
22
22.1
22.2
22.2
22.2
22.3
22.3
22.2
22.1
22.1
22
22
22
21.8
22
21.8
21.7
21.6
21.6
21.6
21.6
21.6
21.5
21.4
21.4
21.4
21.4
21.4
21.2
21.2
21.2
21.2
21.2
21.2
21.2
21.2
21.2
21.2
21.2
21.2
21.2
21.2
21.2
21.1
21.1
20.9
20.4
20.1
20
19.8
19.9
19.9
19.9
19.9
19.5
19.4
19.3
19.4
19.2
19
18.9
18.9
18.9
18.9
18.8
18.8
18.8
18.7
18.5
18.5
18.5
18.4
18.4
18.4
18.4
18.4
18.3
18.3
18.3
18.3
18.3
18.3
18.3
18.3
18.3
18.3
18.3
18.2
18.2
18.2
18.2
18.2
18.2
18.2
18.2
18.2
18.2
18.2
18.2
18.2
18.2
18.2
18.2
18.2
17.9
17.9
17.9
17.9
17.9
17.9
17.8
17.8
17.9
17.8
17.7
17.7
17.7
17.7
17.7
17.7
17.7
17.7
17.8
17.8
17.9
18.1
18.1
17.9
17.9
17.8
17.9
17.8
17.9
18.1
18.2
18.3
18.3
18.5
18.7
18.7
18.8
18.8
19
19.3
19.4
19.8
20.1
20.3
20.4
20.7
20.9
21.2
21.4
21.2
21.2
21.1
20.9
20.9
21.1
21.4
21.4
21.5
21.5
21.2
21.1
21.1
21.1
21
20.9
20.9
20.7
20.7
20.7
20.5
20.3
20.1
20.3
20.6
20.5
20.6
20.7
20.6
20.5
20.6
20.4
20.1
19.9
19.8
19.4
19.2
18.9
18.7
18.7
18.5
18.5
18.4
18.4
18.4
18.4
18.3
18.3
18.3
18.3
18.3
18.7
18.5
18.3
18.3
18.2
17.9
17.8
17.7
17.7
17.6
17.6
17.4
17.3
17.3
17.4
17.4
17.2
17.1
17.1
17.1
17
16.8
16.8
16.7
16.7
16.7
16.7
16.7
16.7
16.7
16.7
16.6
16.6
16.6
16.5
16.5
16.5
16.5
16.5
16.5
16.5
16.3
16.3
16.5
16.3
16.2
16.3
16.3
16.3
16.3
16.3
16.3
16.3
16.3
16.2
16.2
16.2
16.2
16.1
16.2
16.2
16.2
16.2
16.2
16.2
16.2
16.2
16.2
16.3
16.2
16.2
16.3
16.2
16.2
16.3
16.3
16.3
16.2
16.2
16.2
16.2
16.2
16.2
16.1
16.1
16.1
16.1
16.2
16.1
16.1
16.1
16.1
16.1
16.1
16.1
16.1
16.1
16.1
16.1
16.1
16.2
16.2
16.2
16.1
16.1
16
16.1
16.1
16.2
16.2
16.2
16.2
16.1
16
15.9
15.7
15.6
15.5
15.4
15.4
15.2
15.1
15.1
15
14.9
14.9
14.9
14.9
14.9
14.8
14.8
14.9
15
15.2
15.4
15.5
15.7
15.9
16
16.1
16.1
16.1
16.3
16.6
16.7
17
17.1
17.2
17.4
17.6
17.8
18.2
18.3
18.7
19
19.2
19.4
19.6
19.9
20.1
20.4
20.7
21
21.1
21.5
21.4
21.7
21.6
22
22.3
22.2
21.7
22.7
22.9
22.3
22.5
22.7
22.8
22.3
22.5
22.3
22.5
22.5
22.3
22.3
22.1
22.1
22
22.1
22
22.2
22
21.7
21.6
21.6
21.7
21.7
21.6
21.4
21.1
21.1
21.1
21.5
21.5
21.5
21.7
21.7
23.4
23.8
24
23.6
23.6
25
27
27.2
26.1
26.4
27.8
27.7
26.1
25.4
25.5
27.8
28.1
29.3
29.9
30.3
30.9
30.6
29
28.6
27.1
26.4
25.5
26
28.4
28.6
27.1
27
26.5
27.6
27.8
27.1
26.2
25.5
25.1
24.4
24.2
23.7
22.9
22.5
22
21.6
21.4
21
20.7
20.5
20.4
20.1
19.8
19.5
19.3
19
18.9
18.8
18.5
18.4
18.3
17.9
17.8
17.6
17.4
17.3
17.2
17.1
17.1
17
16.8
16.7
16.8
16.8
16.7
16.7
16.5
16.6
16.7
16.7
16.7
16.7
16.8
16.7
16.7
16.6
16.6
16.6
16.6
16.6
16.6
16.6
16.6
16.6
16.6
16.5
16.3
16.3
16.1
16.1
16
15.9
15.7
15.7
15.6
15.6
15.5
15.4
15.4
15.2
15.2
15.2
15.1
14.9
14.8
14.6
14.6
14.6
14.9
15.1
15.2
15.4
15.4
15.4
15.5
15.5
15.5
15.4
15.1
15.1
14.9
14.9
14.8
14.6
14.5
14.5
14.4
14.4
14.3
14.3
14.2
14
13.9
14
13.9
13.8
13.8
13.8
13.8
13.8
13.8
14
14.2
14.3
14.5
14.9
15.1
15.4
15.6
15.7
16
16.1
16.3
16.6
16.7
17
17.3
17.4
17.8
18.2
18.8
19
19.3
19.8
20
20.4
21.1
21.5
21.5
22.1
22
22.2
22.8
23.1
23.1
23.4
23.1
23.2
23.8
23.9
24.8
25.4
25.1
24.2
24.2
24.2
24
24
23.8
23.6
23.7
24.2
24.2
24
23.9
23.9
24.3
24.4
24.7
24.8
25
25.1
25
25
24.7
24.8
25.1
25.5
25.6
25.8
25.9
25.8
25.9
25.6
25.8
25.6
25.3
25
25.1
25.1
25
24.7
24.5
24.5
24.5
24.4
24.3
24.2
24.2
24
24
23.9
23.8
23.7
23.7
23.6
23.4
23.3
23.4
23.4
23.4
23.4
23.6
23.4
23.1
22.9
22.8
22.6
22.3
22
21.8
21.6
21.4
21.2
21
21
20.9
20.9
20.7
20.6
20.4
20.1
20
19.9
19.8
19.8
19.6
19.6
19.5
19.5
19.3
19.3
19
18.9
18.7
18.5
18.4
18.3
18.3
18.2
18.1
17.8
17.7
17.7
17.4
17.4
17.3
17.2
17
16.8
16.7
16.7
16.5
16.5
16.3
16.2
16.2
16.1
16.1
16
16
15.9
15.7
15.7
15.7
15.6
15.6
15.6
15.5
15.5
15.4
15.2
15.2
15.2
15.2
15.1
15.1
15
15.1
15.1
15.1
15
15.1
15.1
15.1
15.1
15.1
15.1
15
15
14.8
14.8
14.8
14.8
14.6
14.8
14.8
14.8
14.6
14.6
14.4
14.4
14.4
14.4
14.4
14.4
14.3
14.4
14.2
14
14.2
14.2
14
14
14.2
14.2
14.3
14.6
14.8
14.2
14.2
14
14
14.3
14.2
14.2
14.3
14.3
14.5
14.5
14.6
14.6
14.9
15.1
15.4
15.7
16
16.2
16.3
16.7
16.8
17.1
17.4
17.7
18.1
18.3
18.5
18.9
19.2
19.5
19.9
20.3
20.5
20.7
21
21.5
22
22.2
22.5
22.7
23.2
23.4
23.8
24.3
24.3
25
25.1
25.5
25.6
26
26
26.4
26.7
26.7
27
27.3
28.1
28.4
28.9
29.3
29.4
30
30.6
30.8
31
31.4
31.7
32.3
32.5
32.6
32.8
33.1
32.8
33.7
33.7
33.9
33.9
34.3
34.7
34.5
35.2
35
35.6
35.9
36.1
36.5
36.9
37.1
37.5
37.6
37.3
37
37.3
37.6
37.3
38
37.8
38
38
38.3
38.7
38.6
38.2
38.1
38.6
38.7
38.6
38.9
37.8
38.1
36.1
34.1
33.2
32.1
31.2
30.5
30.1
30.5
30.3
30
29.5
29.8
29.3
28.8
28.4
27.8
26.4
25.1
24.2
23.8
23.7
23.4
23.2
23.1
23.1
23.1
22.9
22.9
22.6
22.7
22.7
22.6
22.5
22.5
22.5
22.3
22.3
22.7
22.3
22.3
22.1
22
22
21.7
21.7
21.6
21.4
21.1
21.1
21
20.7
20.6
20.6
20.5
20.4
20.4
20.4
20.3
20.3
20.3
20.3
20.3
20.3
20.1
20
19.9
19.6
19.6
19.6
19.5
19.5
19.6
19.6
19.8
19.9
19.9
19.9
19.9
19.9
19.8
19.8
19.8
19.8
20
19.8
19.6
20
19.6
19.6
19.6
19.4
19.6
19.8
19.9
19.9
19.8
19.9
20
19.9
19.8
19.9
19.8
19.8
19.8
19.5
19.4
19.4
19.3
19.2
19
18.9
18.9
18.9
18.9
18.8
18.8
18.8
18.7
18.7
18.7
18.5
18.4
18.4
18.4
18.5
18.7
18.9
19.2
19.4
19.6
19.9
20.5
21
21.4
21.6
22.1
22.3
22.6
22.7
22.8
22.9
23.1
23.1
22.9
22.8
22.9
22.8
22.8
23.1
22.9
22.8
22.7
22.5
22.3
22.3
22.2
22.2
22.5
22.5
22.1
21.8
21.8
21.6
21.4
21.1
21.2
21.1
21
21
21.1
21
21
20.9
21
21
20.7
20.5
20.5
20.6
20.6
20.4
20.3
20.5
20.7
21
21.1
21.2
21.2
21.4
21.2
21.4
21.4
21.4
21.4
21.6
21.6
21.5
21.5
21.7
22.2
22.8
23.1
23.6
24.2
24.3
24.8
24.4
25.4
25.6
25.5
24.9
24.4
24.4
24
23.7
23.8
23.9
23.8
23.9
23.7
23.4
23.4
23.3
23.3
23.4
23.3
22.9
22.8
22.5
22.6
22.6
22.2
22.2
22
22
21.8
21.6
21.6
21.5
21.4
21.2
21.1
21
20.9
20.7
20.6
20.5
20.4
20.4
20.1
20.1
20
20
19.9
19.6
19.5
19.3
19
18.8
18.7
18.5
18.4
18.2
17.9
17.8
17.7
17.4
17.4
17.2
17.1
16.8
16.8
16.7
16.6
16.5
16.3
16.3
16.3
16.2
16.2
16.1
16
15.9
15.9
15.9
15.7
15.9
15.9
15.9
15.9
15.7
15.9
15.7
15.7
15.9
15.7
15.7
15.7
15.6
15.7
15.6
15.7
15.7
15.9
15.9
15.9
15.9
16
16
16
16
16
16.1
16.1
16.1
16.1
16.1
16
16
15.9
15.7
15.7
15.6
15.6
15.5
15.5
15.5
15.5
15.4
15.2
15.2
15.2
15.2
15.2
15.2
15.2
15.2
15.2
15.2
15.1
15.2
15.2
15.1
15.1
15
15.1
15.1
15.1
15.1
15.2
15.2
15.5
15.6
15.9
15.9
16.1
16.3
16.5
16.7
17.2
17.3
17.6
17.8
18.1
18.3
18.5
18.7
19
19.3
19.4
19.6
19.9
20.1
20.4
20.6
20.9
21.1
21.4
21.6
21.8
22.1
22.3
22.5
22.7
23.2
23.4
23.6
23.9
24.3
24.8
25.1
25.3
25.5
26
26.4
26.6
26.6
27
27.1
27.7
27.9
28.3
28.6
29
29.4
29.5
30
30.3
30.4
30.8
30.9
31
31.4
31.6
31.9
32.1
32.3
32.8
33
33.2
33.8
34.1
34.2
34.4
34.1
34.9
34.8
35
34.9
35.3
35.4
36
36.1
36
35.8
36
36
36.7
36.9
36.7
36.1
36.3
36.4
37.2
36.9
36.7
36.6
36.9
36.7
36.5
36.5
36.3
36.1
35.9
35
35.2
35
33.7
32.1
31
30.3
29.8
29.4
29.5
28.9
28.2
27.7
26.8
26.5
25.9
25.4
25.1
24.7
24.7
24.3
24
23.9
23.7
23.3
22.8
22.7
22.3
22.3
22.2
22
21.8
21.5
21.4
21.5
21.2
20.7
20.6
20.7
20.6
20.7
20.7
20.6
20.6
20.6
20.5
20.5
20.5
20.5
20.4
20.4
20.4
20.3
20.3
20.3
20.1
20
20
19.9
19.9
19.9
19.8
19.6
19.6
19.6
19.5
19.4
19.4
19.3
19.2
19.2
19.2
19.2
19
19
19
19
19
19
19
19
19
19
19
19
19
18.9
18.9
18.9
18.9
18.9
19
19
19
18.9
18.9
18.9
18.9
18.9
18.9
18.9
18.9
18.9
18.8
18.8
18.8
18.8
18.8
18.8
18.8
18.8
18.8
18.8
18.8
18.8
18.8
18.8
18.8
18.8
18.8
18.9
18.9
18.9
19
19
19.2
19.2
19.3
19.4
19.4
19.5
19.6
19.8
19.9
19.9
20.1
20.1
20.1
20.3
20.4
20.4
20.5
20.6
20.6
20.6
20.6
20.4
20.1
20
19.9
20
20
20
20.3
20.5
20.6
21
21
20.6
20.4
20.4
20.5
20.3
20
19.9
19.8
19.8
19.5
19.5
19.4
19.3
19.2
19
19
18.9
18.9
18.7
18.5
18.5
18.7
18.7
18.8
18.5
18.5
18.4
18.5
18.7
18.7
18.8
18.7
18.8
18.7
18.8
18.8
18.9
18.8
18.8
18.9
19.2
19
19
19
19
19
18.9
18.9
18.8
18.8
18.9
18.9
19.2
19.2
19.3
19.4
19.4
19.4
19.4
19.5
19.5
19.5
19.5
19.6
19.6
19.8
19.8
20
20.3
20.3
20.3
20.1
20.1
20
19.8
19.6
19.4
19.4
19.2
19
18.8
18.7
18.7
18.5
18.5
18.5
18.4
18.4
18.3
18.2
18.2
18.2
18.2
18.2
18.1
18.1
18.1
18.1
18.1
17.9
17.9
17.9
17.9
17.8
17.8
17.7
17.6
17.6
17.6
17.4
17.3
17
16.8
16.7
16.7
16.7
16.6
16.6
16.6
16.6
16.6
16.6
16.6
16.5
16.5
16.5
16.5
16.3
16.3
16.6
16.6
16.6
16.6
16.3
16.5
16.5
16.5
16.5
16.5
16.3
16.3
16.3
16.2
16.2
16.2
16.1
16.1
16.1
16.1
16
16
15.9
15.9
15.9
15.9
15.7
15.7
15.7
15.6
15.6
15.5
15.5
15.5
15.5
15.5
15.4
15.4
15.4
15.4
15.2
15.2
15.2
15.1
15.1
15.1
15
14.9
14.9
14.9
14.9
14.9
14.9
14.9
14.9
14.9
14.9
14.8
14.8
14.8
14.8
14.8
14.9
14.9
15
15
15.1
15.1
15.4
15.5
15.6
15.9
16.1
16.1
16.3
16.6
16.7
16.7
17
17.2
17.2
17.3
17.6
17.6
17.8
18.1
18.2
18.3
18.4
18.7
18.8
19.2
19.2
19.4
19.5
19.8
19.8
19.6
19.9
19.9
20.1
20.9
21.4
21.7
22.1
22.1
21.8
22
21.5
21.2
21.4
22
22
23.3
23.8
23.2
22.7
22.1
22.1
22.7
23.3
23.4
23.2
22.9
22.8
22.5
22.3
22
21.6
21.6
21.4
21.2
21.2
21.1
21
21.1
21.1
21.2
21.5
21.6
21.6
21.5
21.4
21.4
21.4
21.4
21.4
21.2
21.4
21.5
21.5
21.6
21.7
21.8
21.7
21.7
21.7
21.6
21.4
21.1
21.1
21.1
21
20.7
20.7
20.6
20.4
20.5
20.4
20.1
19.9
19.8
19.6
19.5
19.3
19.2
19
18.9
18.8
18.7
18.5
18.5
18.4
18.3
18.3
18.2
18.1
18.1
18.1
17.9
17.9
17.8
17.8
17.8
17.8
17.8
17.7
17.6
17.6
17.6
17.4
17.4
17.4
17.4
17.3
17.3
17.3
17.3
17.2
17.2
17.2
17.2
17.2
17.2
17.1
17.1
17.1
17.1
17
17.1
17
17
16.8
16.8
16.8
16.8
16.8
16.7
16.8
16.8
16.8
16.8
16.8
16.8
16.8
16.8
16.8
16.8
16.8
16.7
16.7
16.6
16.7
16.7
16.6
16.5
16.3
16.2
16
15.9
15.7
15.6
15.6
15.5
15.5
15.4
15.4
15.2
15.1
15.1
15.1
15.1
15.2
15.2
15.1
15
15
14.9
14.9
14.8
14.5
14.5
14.4
14.4
14.4
14.4
14.4
14.4
14.3
14.3
14.4
14.3
14.3
14.3
14.3
14.4
14.3
14.3
14.3
14.2
14.2
14.2
14.2
14.4
14.5
14.8
15
15.1
15.2
15.4
15.6
15.7
16
16.2
16.6
16.7
17.1
17.1
17.6
17.7
18.1
18.4
18.5
18.8
18.7
18.7
18.8
19.2
19.2
19
19
19.6
19.9
20.1
20.1
20.4
20.7
21.5
21.8
22
22.1
22.9
23.4
23.8
23.9
24.5
24.8
25.1
25.4
25.6
26
26.4
26.5
27
26.6
27.2
27.3
28.2
28.6
28.8
28.7
29.3
29.7
29.9
30.1
30.1
30.3
30.8
30.6
30.6
31.1
31.1
31.5
31.7
31.9
32.3
32
32.3
32.2
32.8
33.2
33.3
33
33.1
32
31.9
32
32.5
31.1
29.5
28.6
27.6
27.1
27
26.7
26.7
26.6
26.4
26.1
25.9
25.6
25.3
24.8
24.4
24
23.7
23.6
23.3
23.2
23.1
22.8
22.9
23.1
23.4
23.6
23.3
22.7
22
21.1
20.5
20.1
19.8
19.5
19.3
19.2
18.8
18.5
18.4
18.3
18.1
17.9
17.8
17.7
17.7
17.4
17.3
17.1
17
16.8
16.8
16.6
16.5
16.3
16.2
16.1
16
15.9
15.7
15.6
15.4
15
14.9
14.8
14.5
14.5
14.6
14.5
14.3
14.3
14.2
13.9
13.8
13.8
13.8
13.7
13.7
13.5
13.5
13.4
13.3
13.2
12.9
12.9
12.8
12.7
12.7
12.7
12.6
12.7
12.6
12.4
12.4
12.6
12.6
12.6
12.4
12.3
12.3
12.3
12.2
12.2
12.3
12.3
12.2
12.2
12.4
12.3
12.3
12.3
12.3
12.4
12.3
12.2
12.1
12.1
12.1
12.1
12
12
12.1
12
12
12
11.8
11.8
11.7
11.6
11.5
11.5
11.5
11.5
11.5
11.3
11.2
11.1
11.3
11.3
11.5
11.6
11.7
12.1
12.3
12.7
12.9
13.2
13.4
13.7
13.9
14.3
14.6
15
15.4
15.6
15.9
16.3
16.6
16.8
17.2
17.3
17.7
18.1
18.4
18.8
19
19.3
19.6
20
20.4
20.7
21
21.2
21.2
21.5
21.8
22.3
22.8
23.2
23.6
23.9
24.3
24.7
25
25.3
25.5
26
26.5
26.7
27
27.6
33.2
33.2
32.1
30.8
29.8
29
28.1
28.2
28.2
29.5
29.2
28.6
27.6
26.8
27
27.7
27.2
28.2
27.3
26.6
26.6
27
26.4
25.8
25.4
25.9
27
28.6
28.8
29.7
29.4
29.5
28.9
28.3
27.5
26.4
26.6
26.2
25.6
24.9
23.8
22.8
22
21.4
20.7
20.4
20
19.9
19.6
19.5
19.4
18.9
18.7
18.5
18.3
18.3
18.2
17.9
17.9
17.8
17.7
17.4
17.3
17.2
17.1
17.1
17
16.8
16.7
16.6
16.3
16.1
16
15.9
15.7
15.5
15.4
15.4
15.2
15
14.9
14.9
14.8
14.6
14.5
14.5
14.4
14.3
14
13.9
13.8
13.7
13.7
13.7
13.7
13.7
13.7
13.4
13.3
13.2
13.1
12.9
13.2
13.2
13.1
12.9
12.9
12.8
12.6
12.7
12.8
12.7
12.6
12.4
12.4
12.2
12.2
12.2
12.1
12.1
12.1
12
12.1
12.1
12
11.7
11.8
11.8
11.7
11.7
11.7
11.6
11.5
11.6
11.6
11.5
11.5
11.5
11.5
11.5
11.3
11.5
11.3
11.3
11.3
11.3
11.3
11.3
11.5
11.5
11.6
11.8
12.1
12.3
12.6
12.8
12.9
13.2
13.4
13.7
13.9
14.4
14.8
15
15.4
15.7
15.9
16.1
16.3
16.6
17
17.3
17.6
18.1
18.4
18.7
19.2
19.5
19.8
20.1
20.5
20.7
21.1
21.4
21.7
22
22.3
22.6
22.9
23.6
23.9
24
24.2
24.8
25
25.1
25.4
25.6
26
26.2
26.6
27.2
27.6
27.6
27.9
28.3
28.7
28.8
28.9
29.2
29.4
29.9
30.4
30.6
30.8
30.9
31.1
31.2
31.9
32.1
32
32.5
32.3
32.1
32.5
31.7
31.2
32.3
32.7
32.6
33.2
33.4
33.3
33.7
33.9
34.2
34.1
34.8
34.8
35.3
35.2
35.5
35.4
35
35.2
35.6
35.6
35.3
35.4
35.3
35.4
35.4
34.9
35
34.9
34.5
33.9
33.7
33.2
33
32.2
31.7
30.3
29.4
29
28.7
28.1
27.2
25.6
24.9
23.9
23.6
22.9
22.7
22.1
22
21.6
21.4
21
20.7
20.6
20.4
20.3
20.1
20
20
19.8
19.6
19.5
19.4
19.4
19.3
19
18.9
18.8
18.7
18.4
18.3
18.3
18.2
18.2
18.2
18.1
17.8
17.8
17.6
17.4
17.4
17.2
17.2
17
17
16.8
16.7
16.5
16.2
16
16.1
16
15.9
15.7
15.7
15.7
15.7
15.7
15.6
15.4
15.4
15.4
15.2
15.2
15.1
15.1
15.1
15.1
15
14.9
15.1
15.1
15.1
15.1
15.1
15.1
15.1
15.1
15
14.9
14.9
14.8
14.5
14.6
14.8
14.9
14.9
14.9
14.8
14.6
14.5
14.5
14.6
14.6
14.6
14.5
14.4
14.4
14.3
14.3
14.2
14
14
14.2
14
14
14
14
13.9
13.9
13.9
13.9
14.2
14.4
14.8
15
15.4
15.6
16
16.2
16.5
16.7
17
17.3
17.4
17.8
17.9
18.2
18.4
18.7
18.9
19
19.4
19.6
20
20.4
20.6
20.9
21.2
21.4
21.7
22.2
22.5
22.7
23.1
23.3
23.4
23.8
23.9
24.3
24.5
24.8
25.3
25.6
25.8
26.1
26.4
26.4
26.8
27
27.8
28.4
28.6
29.3
29.8
30
30.1
30.5
31
31.2
31.5
31.6
32.1
32.2
32.1
32.8
32.8
33.4
34.1
34.4
34.4
34.5
34.8
35
34.8
35.8
35.5
36.1
36.6
37.1
37.1
37.3
37.7
37.6
37.8
38.1
38.2
38.6
38.7
38.8
38.8
38.8
39.1
39.1
38.8
39.2
38.9
38.4
38.9
38.6
38.1
37.7
37.8
37.6
37.5
37.8
37.6
36.6
35.3
35.6
35.9
35.5
34.3
33.1
32.3
31.2
31.2
30.5
29.5
27.8
27
26.5
25.6
24.9
24.7
24.4
23.9
23.7
23.3
23.3
23.2
23.1
22.7
22.1
22.1
21.8
21.7
21.5
21.4
21.4
21.2
21.2
21
20.9
20.6
20.5
20.4
20.4
20.1
20
19.8
19.6
19.5
19.3
19
19.2
19.2
19
18.9
18.9
18.8
18.7
18.5
18.5
18.3
18.2
18.3
18.1
17.8
17.8
17.9
18.1
17.9
17.8
17.7
17.6
17.3
17.4
17.2
17.3
17.4
17.1
17.2
17.1
17.1
17.2
17.3
17.2
17.1
17.2
17
17
17.1
17
17.1
17.4
17.6
17.2
17.1
16.8
17
16.8
16.8
16.8
16.8
16.7
16.6
16.5
16.5
16.5
16.5
16.6
16.3
16.3
16.3
16.3
16.1
16.2
16.3
16.1
16.1
16.1
16
16
16
16.1
16.3
16.2
16.1
16.2
16.6
16.7
16.8
17
17.6
17.8
18.3
18.8
18.9
19.3
19.6
20
20.3
20.6
21
21.4
21.6
22
22.3
22.7
22.9
23.2
23.4
23.8
24.2
24.4
24.7
25
25.4
25.9
26.2
26.6
27
27.3
27.8
28.2
28.6
28.9
29.3
29.7
29.8
30.6
30.9
31.4
32
32.5
32.8
33.2
33.3
33.6
34.2
34.2
34.5
35.2
35.4
35.5
35.8
36.3
36.9
37.2
36.3
35.8
36
35.8
35.5
35.9
36
35.4
37.2
37.3
38.1
38.2
38.3
38.7
38.3
38.6
38.8
38.9
39.1
38.8
39.1
38.6
39.1
38.8
38.9
38.7
37.6
37.7
36.9
34.4
32.6
31
30.1
29.4
29
28.7
28.8
28.8
28.6
28.6
28.3
28.4
28.1
27.7
27.2
26.8
29.5
30
30.6
29.7
29.2
28.4
27.9
27.2
26.2
25.3
24.5
23.9
23.4
23.3
23.1
23.1
22.9
23.1
22.5
21.7
21.6
21.5
21.4
21.4
21.2
21
20.9
20.9
20.6
20.5
20.4
20.3
20.1
19.9
19.8
19.8
19.5
19.2
19
18.8
18.8
18.5
18.3
18.2
18.1
18.2
18.1
18.1
17.9
17.7
17.4
17.4
17.4
17.6
17.6
17.7
17.9
18.1
18.1
18.2
18.2
18.2
18.3
18.4
18.5
18.5
18.7
18.5
18.4
18.4
18.4
18.4
18.4
18.4
18.4
18.3
18.3
18.4
18.5
18.7
18.7
18.7
18.8
18.8
18.9
18.9
19
19
19
19
19
19.2
19.2
19
19
19
19
19
19
19
18.9
18.9
18.9
18.8
18.8
18.5
18.3
18.3
18.3
18.2
18.2
18.1
17.9
17.8
17.8
17.7
17.7
17.7
17.6
17.6
17.6
17.6
17.6
17.6
17.6
17.6
17.6
17.7
17.7
17.6
17.6
17.6
17.4
17.3
17.2
17.2
17.2
17.3
17.4
17.6
17.7
17.7
17.4
17.1
16.6
16.5
16.3
16.3
16.3
16.3
16.5
16.5
16.5
16.6
16.8
17
17.3
17.3
17.6
17.7
17.7
17.9
18.1
18.3
19
20
20.9
21.8
21.7
22.1
22.9
22.6
23.1
22.5
22.1
22.8
23.6
23.4
23.7
24.2
24.3
24.9
25.3
24.8
23.9
23.8
23.3
23.1
22.9
24
22.7
21.8
21.5
20.9
20.9
20.1
20
20
19.9
19.6
19.3
19
18.8
18.8
18.8
18.5
18.4
18.4
18.3
18.3
18.3
18.3
18.4
18.1
18.1
18.1
17.9
18.1
18.1
17.9
17.8
17.7
17.7
17.7
17.6
17.6
17.6
17.4
17.4
17.3
17.3
17.3
17.2
17.2
17.1
17.1
17
17
16.8
16.8
16.7
16.8
16.6
16.5
16.5
16.5
16.3
16.3
16.3
16.2
16.2
16.2
16.1
16.1
16
15.9
15.7
15.7
15.7
15.6
15.6
15.6
15.5
15.5
15.5
15.4
15.4
15.4
15.4
15.4
15.4
15.4
15.4
15.2
15.2
15.2
15.1
15.1
15.2
15.2
15.2
15
15
15
14.9
14.9
14.9
14.8
14.8
14.6
14.6
14.5
14.5
14.4
14.4
14.4
14.3
14.3
14.2
14.2
14.3
14.3
14.3
14.3
14.3
14.2
14
14.2
14.2
14.2
14.2
14.2
14.2
14.2
14
14
13.9
13.9
13.8
13.8
13.8
13.8
13.8
13.7
13.8
13.7
13.7
13.5
13.4
13.3
13.3
13.2
13.2
13.1
12.9
12.8
12.7
12.4
12.2
12.1
12
11.7
11.7
11.6
11.6
11.3
11.2
11.1
11.1
11
11.1
11.2
11.6
11.8
12.1
12.4
12.8
13.1
13.4
13.8
14.2
14.3
14.6
14.9
15.1
15.5
15.7
16
16.2
16.6
16.8
17.2
17.4
17.4
17.8
17.8
18.1
18.4
18.5
18.8
19
19.4
19.5
19.9
20.1
20.1
20.7
21.1
21.2
21.6
22.1
22.2
22.6
22.9
23.3
23.6
24.2
24.8
25.1
25.4
25.5
25.9
26.4
26.7
26.5
27
27.6
28.1
28.4
28.4
28.7
28.9
29.3
29.7
30
30.3
30.1
30.9
31
31.1
31.4
31.5
31.6
31.9
31.6
32.1
32.6
32.5
32.7
32.7
33.1
33.1
33.4
33.4
33.6
33.6
33.4
33.4
33
33.4
33.6
33.8
33.8
33.6
33.8
34.1
33.6
33.3
33.4
33.2
32.6
31.9
31.4
30.8
29.9
29.3
28.7
28.3
27.5
26.8
26
25.9
25.5
25
24.2
22.9
22
21.1
20.4
19.8
19.3
18.9
18.5
18.1
18.1
17.7
17.3
17.2
17
16.6
16.5
16.1
15.9
15.6
15
14.9
14.8
14.6
14.6
14.4
14.4
14.2
14.2
13.7
13.4
13.4
13.3
13.2
13.2
13.1
12.9
12.8
12.7
12.3
12.4
12.3
12.4
12.2
12.2
12.1
12.1
12
11.7
11.6
11.6
11.5
11.6
11.3
11.3
11.3
11.3
11.2
11.2
11.1
11.1
11
11
10.9
10.9
10.9
10.7
10.9
10.7
10.6
10.4
10.5
10.5
10.5
10.4
10.2
10.2
10
10.1
10.1
10.1
10.1
10.2
10.2
10
9.9
9.9
9.9
9.9
9.9
9.8
9.8
9.8
9.8
9.6
9.6
9.6
9.5
9.5
9.4
9.4
9.4
9.3
9.3
9.3
9.3
9.1
9.1
9.1
9.1
9.3
9.3
9.4
9.5
9.8
10
10.5
10.7
11
11.3
11.7
12.1
12.3
12.6
12.8
13.2
13.4
13.7
13.9
14.3
14.6
15
15.5
15.9
16.2
16.5
17
17.3
17.7
18.1
18.4
18.9
19.4
19.6
19.8
20.1
20.5
20.9
21.2
21.6
21.7
22.1
22.3
22.8
23.1
23.4
23.7
24
24.4
25
25.4
25.8
26.2
26.5
26.7
27
27
27.1
27
27.2
28.2
28.8
29.2
29.3
29.7
29.8
30.1
30.3
30.8
31
31.2
31.5
32
32.3
32.2
32.6
32.8
33
32.7
33.3
33.4
33.8
33.9
34.2
34.5
34.2
34.7
34.7
34.7
34.9
34.8
35.2
35.2
35.4
35.2
35.2
34.9
35
35
34.9
34.7
34.5
34.1
34.3
34.4
34.2
34.1
33.8
33.6
33.4
33
32.5
31.7
30.3
28.8
27.9
27.2
26.4
25
23.9
23.2
21.6
21.4
21.1
20.5
19.8
19.3
19.5
19.3
19.2
18.9
18.5
18.3
18.1
18.1
17.6
17.3
17
16.8
16.7
16.5
16.3
16
15.9
15.9
15.9
15.7
15.7
15.6
15.5
15.2
15.4
15.2
15
14.9
14.9
14.9
14.6
14.4
14.5
14.5
14.5
14.5
14.5
14.5
14.5
14.6
14.5
14.4
14.4
14
14.2
14
13.8
13.7
13.5
13.4
13.4
13.5
13.4
13.3
13.2
13.2
13.1
13.1
12.9
13.1
13.1
12.9
13.1
12.9
13.1
12.9
12.9
12.8
12.8
12.8
12.8
12.8
12.8
12.8
12.9
12.8
12.7
12.4
12.3
12.4
12.3
12.3
12.3
12.2
12.1
12
12.1
12
12.1
12.1
12.1
12
12.1
12.1
12.2
12.2
12
12.1
12.2
12.1
12.2
12.2
12.3
12.6
12.7
12.8
13.3
13.5
13.8
14.3
14.6
15
15.2
15.7
16.2
16.8
17.2
17.4
17.7
17.9
18.3
18.7
19
19.3
19.6
20
20.4
20.5
21
21.4
21.6
21.8
22.2
22.6
23.2
23.6
24
24.7
25.3
25.9
26.4
27
27.5
27.9
28.6
28.9
29.3
29.8
30.1
30.6
30.8
31.1
31.4
31.2
32
31.7
32
32.1
32.2
31.9
32
32.3
33
33.4
33.2
32.1
32.5
32.1
32.2
32.6
32.7
33.1
33
33.1
33.7
33.9
34.7
35
34.4
33.6
32.8
33.7
34.5
34.7
35
35
34.8
33.9
33.8
34.1
33.9
33.7
33
32.3
31.7
31.7
31.4
30.9
29.8
28.9
27.8
27.1
27.2
27.1
27.8
28.8
29
28.9
28.8
29.2
28.9
28.4
27
26
25.5
24.9
24.7
24
23.6
22.9
22.7
22.5
22.2
21.8
21.6
21.5
21.4
21.2
21.1
21.1
21
20.9
20.9
21
21
21
21
21
20.9
20.9
20.7
20.7
20.6
20.6
20.5
20.4
20.4
20.4
20.3
20.1
20
19.9
19.8
19.6
19.6
19.6
19.6
19.6
19.6
19.6
19.6
19.6
19.5
19.4
19.4
19.4
19.4
19.4
19.4
19.3
19.3
19.2
19.2
19.3
19.3
19.3
19.3
19.3
19.3
19.3
19.4
19.4
19.5
19.5
19.5
19.5
19.6
19.6
19.6
19.6
19.6
19.5
19.5
19.5
19.5
19.5
19.5
19.5
19.4
19.4
19.4
19.4
19.4
19.4
19.4
19.4
19.4
19.4
19.4
19.4
19.3
19.3
19.3
19.3
19.3
19.3
19.3
19.3
19.2
19.2
19.2
19.2
19.2
19.2
19.2
19
19
19
18.9
18.9
19
19
19.2
19.2
19.2
19.2
19.3
19.3
19.3
19.4
19.4
19.6
19.8
19.9
20
20
20.1
20.1
20.3
20.3
20.4
20.5
20.5
20.5
20.4
20.3
20.3
20.1
20.5
20.6
20.7
20.9
21.1
21.5
21.7
21.7
21.7
22.1
22.3
22.5
22.6
22.8
22.9
23.2
23.7
23.9
24.5
24.8
24.8
25.6
26
25.8
25.4
25
25.1
25
25.5
25.5
25.4
25.4
25.6
25.6
25.9
25.9
26.4
27.2
27.7
27.8
28.4
29.2
28.2
28.1
28.2
28.1
30.3
29.7
28.9
28.4
28.7
28.2
28.9
29.5
28.9
28.4
29.9
30.8
29.5
28.9
28.4
27.7
27.3
27
26.6
27.1
26.4
26
25.4
25.3
24.8
24.5
24.2
23.9
23.7
23.7
23.6
23.3
23.1
22.8
22.7
22.6
22.3
22.2
22.1
21.8
21.6
21.4
21.1
21
21
20.9
20.9
20.7
20.6
20.7
20.6
20.5
20.5
20.4
20.3
20.1
20.1
19.9
19.6
19.4
19.2
18.9
18.8
18.4
18.3
18.1
17.9
17.9
17.7
17.4
17.3
17.2
17.2
17.3
17.1
17.2
17.3
17.3
17.3
17.3
17.6
17.8
17.8
17.8
17.8
17.7
17.6
17.7
17.8
17.8
17.7
17.6
17.6
17.6
17.6
17.7
17.7
17.6
17.4
17.3
17.3
17.1
17
16.7
16.7
16.6
16.3
16.2
16.1
16
16
16
16
15.9
15.7
15.9
15.7
15.7
15.6
15.6
15.5
15.4
15.4
15.4
15.2
15.1
15.1
15.1
15.1
15
15
14.9
14.9
14.9
14.9
15
14.6
14.6
14.5
14.6
14.8
14.8
14.5
14.5
14.6
14.5
14.5
14.5
14.5
14.5
14.4
14.6
14.8
14.9
15
15
15.1
15.4
15.5
15.7
16
16.1
16.3
16.5
16.7
16.8
17.1
17.3
17.6
17.7
17.9
18.2
18.4
18.7
18.8
19.3
19.4
19.6
20
20.3
20.6
20.7
21.5
21.7
21.6
21.6
22
22.6
22.9
23.3
23.7
24.2
24.5
24.8
25.3
25.6
25.9
26.2
26.6
27
26.8
27.3
27.8
28.1
28.3
28.3
28.4
29
29.4
29.8
30.4
30.8
31
31.2
31.9
32.2
31.9
32.8
32.8
33.3
33.8
33.9
34.3
33.9
34.7
35
34.7
35
35.5
35.9
35.5
35.8
35.6
36
36
36.1
36
35.8
35.6
36
36.6
36.3
36.5
36.3
36.5
36
36.6
37
36.9
36.3
37
36.4
36.1
36.3
35.8
35.6
35.4
35
34.9
34.7
34.5
34.1
33.4
32.8
32
31.1
30.1
28.2
27.1
26.4
26.1
24.9
24.3
24
23.3
23.2
22.6
22
21.8
21.6
21.6
21.2
21.1
20.9
20.9
20.4
20.3
20.3
20.3
20.1
20
19.9
19.9
20
20.3
20.1
20.1
20.4
20.7
20.3
20
20.4
20.6
20.5
20.1
19.8
19.5
19.6
19.6
19.6
19.5
19.2
19.2
19
19
19
18.9
18.8
18.5
18.4
18.4
18.3
18.3
18.3
18.3
18.4
18.4
18.4
18.3
18.3
18.2
18.1
17.9
17.9
17.8
17.7
17.7
17.6
17.4
17.3
17.3
17.3
17.3
17.4
17.6
17.6
17.7
17.7
17.7
17.8
17.8
17.8
17.8
17.8
17.8
17.7
17.4
17.2
17
16.8
16.7
16.6
16.3
16.3
16.1
16.1
16.1
16
16
15.9
15.7
15.7
15.7
15.9
16
16.3
16.5
16.6
16.8
16.8
16.7
16.8
17
17.3
17.4
17.7
17.8
17.8
17.9
17.9
18.1
18.1
18.1
18.2
18.3
18.4
18.5
18.8
19
19.3
19.5
25.3
24.7
24.2
23.7
23.8
23.7
23.1
22.9
22.7
22.6
22.3
22.1
21.8
21.5
21.4
21.1
20.9
20.9
20.5
20.1
20.1
20
19.6
19.5
19.3
19.2
19
19
18.9
18.9
18.8
18.8
18.7
18.5
18.3
17.9
17.9
17.7
17.6
17.4
17.4
17.3
17.2
17.2
17.1
17
16.8
16.7
16.7
16.5
16.3
16.2
16.2
16.1
16.1
16
15.9
15.7
15.7
15.7
15.7
15.6
15.6
15.5
15.6
15.6
15.7
15.7
15.9
15.9
15.9
15.9
15.7
15.7
15.7
15.6
15.7
15.7
15.7
15.7
15.7
15.7
15.7
15.6
15.6
15.6
15.6
15.6
15.6
15.6
15.6
15.6
15.6
15.6
15.6
15.5
15.5
15.5
15.4
15.4
15.4
15.4
15.4
15.2
15.2
15.2
15.2
15.2
15.2
15.2
15.2
15.2
15.2
15.2
15.2
15.2
15.2
15.4
15.4
15.4
15.4
15.4
15.5
15.5
15.5
15.4
15.4
15.4
15.5
15.5
15.5
15.5
15.6
15.7
15.7
15.9
16
16
16
16.1
16.2
16.3
16.3
16.5
16.5
16.5
16.6
16.6
16.7
16.8
17
17.1
17.3
17.4
17.6
17.9
17.9
16
16
16
16
16
16.1
16
16
16
16.1
16.1
16.1
16
16
16
15.9
16
16
16
16
15.9
15.7
15.6
15.5
15.4
15
14.8
14.6
14.5
14.4
14.3
14
13.8
13.7
13.7
13.4
13.4
13.3
13.2
13.2
13.1
12.9
12.8
12.7
12.4
12.4
12.3
12.3
12.3
12.1
12.1
12.2
12.2
12.2
12.2
12.2
12
11.8
11.8
12
11.8
11.8
12.1
12.4
12.7
12.7
13.2
13.4
13.8
14
14.4
14.6
15
15.4
15.6
16
16.2
16.5
16.7
17
17.2
17.4
17.6
17.9
18.3
18.7
18.8
19.3
19.6
20
20.1
20.4
20.7
21.1
21.4
21.8
22
22.2
22.5
23.3
23.2
23.8
23.9
23.9
24.9
25.5
25.8
26.4
27.1
27.2
27.9
28.3
28.7
29.2
29.8
30
30
30.6
30.9
31.4
31.6
32
32.1
32.7
33.2
33.4
33.4
34.1
34.4
34.8
35
35.4
35.5
34.9
35.4
35
35
35
35
34.4
34.7
35
34.8
34.9
35.9
35.3
35.9
35.5
35.6
35.8
35.8
35.3
35.6
35.8
35.8
35.6
35.8
34.5
34.2
33.9
33.6
33.3
31.5
31.7
31.7
29.5
27.7
27.1
26.1
25.8
25.3
24.9
24.4
23.9
23.7
23.7
23.4
23.2
22.8
22.7
22.6
22.6
22.3
22.3
22.2
22.1
22
21.7
21.7
21.5
21.6
21.4
21.4
21.1
20.9
20.5
20.6
20.5
20.4
20.3
20.3
20.1
20.1
19.9
19.8
19.9
19.8
19.8
19.5
19.4
19.3
19.2
18.9
18.7
18.4
18.3
18.1
17.8
17.6
17.3
17.2
17
16.8
16.5
16.2
16.1
16
15.9
15.9
15.6
15.6
15.7
15.6
15.5
15.4
15.2
15
14.8
14.8
14.8
14.8
14.6
14.6
14.4
14.4
14.5
14.3
14.2
14
14.2
14
13.8
14
14
14.2
14.2
14
13.8
13.8
13.8
13.7
13.5
13.5
13.4
13.5
13.7
13.8
13.7
13.4
13.4
13.3
13.3
13.3
13.4
13.3
13.3
13.3
13.3
13.2
13.2
13.2
13.2
13.3
13.2
12.9
13.1
13.1
13.1
13.3
13.4
13.5
13.9
14
14.3
14.6
14.8
15
15.2
15.5
15.7
16.1
16.5
16.7
17.1
17.4
17.8
18.1
18.4
18.7
18.9
19.2
19.5
19.8
20.3
20.5
20.9
21.4
21.5
21.6
21.7
22.2
22.5
22.6
22.9
23.4
23.7
23.9
24.2
24.4
24.8
25
25.3
25.9
26.5
27
27.3
27.5
28.1
28.2
28.6
28.9
29
29.4
29.7
29.9
30.6
31.2
31.9
32
32.1
32.7
32.2
32.6
32.8
33.2
33.4
33.6
33.3
33.8
34.2
34.2
34.4
34.2
34.5
34.5
35
34.9
34.5
34.9
35
35.8
35.9
34.3
33.8
32.2
31.5
30.8
29.9
28.9
28.1
27.7
27
26.6
26.4
26.2
26.1
25.9
25.6
25.4
24.8
24.8
24.5
24.3
24.2
24.2
23.8
23.6
23.3
23.1
22.8
22.6
22.1
21.7
21.1
20.7
20.5
20
19.8
19.4
19.3
19
18.8
18.3
18.1
17.9
17.8
17.7
17.7
17.4
17.3
17.3
17.1
17
16.7
16.5
16.2
16.2
15.9
16.1
15.9
15.7
15.9
16
15.9
15.9
16
16.2
16.2
16.2
16.5
16.6
16.5
16.5
16.6
16.7
16.7
16.6
16.7
16.7
16.5
16.2
16
15.9
15.7
15.7
15.6
15.7
15.7
15.6
15.5
22.5
22.8
22.9
22.9
23.3
23.4
23.4
23.4
23.4
23.9
24.3
24.9
25.6
26
26.5
26.4
27.1
27.7
28.2
28.3
28.6
29
29.3
29.8
30.1
30.4
30.6
31.1
31.5
32.2
32.3
32.2
33.3
34.1
34.2
34.9
35.4
35
34.8
34.5
34.4
34.5
34.5
34.7
34.7
34.5
35
34.9
34.9
35.3
35
35.2
35.6
35.8
35.8
35.4
35.2
35.8
36.3
35.2
36.1
35.4
36.1
36.6
36.5
36.6
36.4
35.9
35.2
34.9
34.5
33.9
33.3
33
32.1
31.4
30.6
30
29
27.6
26.2
25.1
24.5
24.2
23.9
23.4
23.3
23.1
22.9
22.9
22.8
22.7
22.6
22.3
22.1
21.8
21.7
21.4
21.6
21.6
21.4
21.4
21.1
21.1
21
20.9
20.3
20.4
20.3
19.9
19.9
19.8
19.5
19.3
19.3
19.2
18.7
18.4
18.2
17.9
17.7
17.6
17.4
17.3
17.3
17.1
16.8
16.7
16.5
16.3
16.2
16.1
16.2
16.1
15.7
15.5
15.4
15.4
15.2
15.4
15.2
15
14.9
14.8
14.9
14.8
14.5
14.5
14.6
14.6
14.4
14.4
14.4
14.2
14.3
14
13.9
13.9
13.8
13.8
13.9
13.8
13.7
13.9
14
14.2
14
13.8
13.7
13.7
13.5
13.3
13.3
13.3
13.4
13.3
13.3
13.3
13.3
13.4
13.5
13.3
12.9
12.9
13.1
12.9
12.9
12.7
12.8
12.8
12.7
12.8
12.8
12.8
13.1
13.2
13.3
13.4
13.7
13.8
14
14.3
14.5
14.9
15.1
15.2
15.5
15.9
16.3
16.7
17.1
17.4
17.9
18.3
18.4
18.8
19.2
19.5
19.8
20.1
20.5
20.6
21
21.2
21.6
21.7
21.7
22.2
22.3
22.6
23.2
23.4
23.8
24.2
24
24.4
24.7
25.3
25.8
25.6
26
26.4
26.2
26
26.4
27.3
27.3
27.7
27.5
27.9
27.8
27.3
27.8
28.1
28.9
29.9
29
29.9
28.8
28.7
29
29
31.2
31.4
30
28.4
28.7
28.6
27.8
27.1
26.6
26.1
25.9
26.2
26.1
26
26.2
26.7
28.7
30.5
28.9
28.1
28.1
27.3
26.4
25.8
25.3
25.3
24.2
23.6
23.2
23.3
22.9
22.3
22.3
22.3
22.3
22.1
21.7
21.7
21.4
21
20.7
20.7
20.7
20.7
20.6
20.6
20.4
20.3
20
19.9
20
19.9
19.9
19.6
19.5
19.5
19.5
19.5
19.6
19.6
19.5
19.6
19.6
19.6
19.5
19.5
19.4
19.4
19.4
19.4
19.4
19.3
19.3
19.2
19.2
19.2
19
19
19
19
19
19
19
19
19
19
18.9
18.9
18.8
18.8
18.7
18.5
18.4
18.3
18.2
18.1
18.1
17.9
18.1
18.2
18.2
18.3
18.3
18.3
18.3
18.3
18.2
18.2
18.2
18.2
18.1
18.1
18.1
18.1
18.1
17.9
17.8
17.7
17.7
17.7
17.7
17.6
17.6
17.6
17.4
17.2
17.2
17.1
17.1
17.1
17
16.8
16.8
16.8
16.7
16.7
16.7
16.5
16.5
16.3
16.3
16.3
16.3
16.3
16.2
16.2
16.1
16.1
16
16
16
15.9
15.9
15.7
15.7
15.6
15.6
15.5
15.5
15.5
15.5
15.5
15.5
15.5
15.5
15.4
15.4
15.4
15.2
15.2
15.4
15.4
15.6
15.7
15.9
15.9
15.9
16
16.1
16.2
16.2
16.3
16.5
16.6
16.8
17
17
17
17.1
17.6
17.6
17.8
17.9
18.1
18.2
18.5
18.9
19
19
19
19.3
19.5
20
20.4
20.4
20.5
20.7
21
21
20.7
20.4
20.4
20.7
21.2
21.5
21.7
22.2
22.1
22.6
22.9
22.9
23.6
22.7
23.4
23.6
24.9
24.4
24.8
24.7
24.2
25.5
25.3
27
27.8
28.4
28.7
29.4
29.9
29.9
30.1
30.6
30.5
30.5
31.1
30.9
30.6
30.4
30.6
30.8
31
30.6
30.8
30.9
30.4
30.1
30.5
30.4
30.4
30.4
30.1
29.8
29.5
28.8
28.6
28.2
28.3
27.5
26.8
26
24.7
23.6
22.2
21.5
20.9
20.1
19.9
19.8
19.8
19.5
19.2
19
18.8
18.5
18.4
18.1
17.9
17.7
17.4
17.4
17.4
17.4
17.4
17.4
17.4
17.3
17.2
17.2
17.1
17
16.8
16.8
16.8
16.7
16.6
16.6
16.6
16.5
16.5
16.5
16.2
16
15.7
15.5
15.2
15.1
15
14.9
14.8
14.6
14.5
14.2
13.9
13.9
13.8
13.8
13.7
13.5
13.4
13.4
13.4
13.3
13.2
13.2
13.1
12.9
12.8
12.8
12.7
12.7
12.6
12.3
12.2
12.1
12.1
12
11.8
11.8
11.8
11.7
11.7
11.6
11.3
11.2
11.1
11
11
10.9
10.7
10.6
10.5
10.2
10.1
10.1
10.1
10.2
10.2
10
9.8
9.8
9.8
9.8
9.8
9.8
9.5
9.5
9.5
9.5
9.5
9.5
9.4
9.4
9.4
9.1
9.1
9.1
9.1
9.3
9.4
9.5
9.9
10.1
10.4
10.7
11.1
11.5
11.8
12.2
12.6
12.8
13.2
13.4
13.9
14.4
14.4
14.8
15.1
15.4
15.7
16
16.2
16.6
17
17.4
17.7
17.9
18.3
18.5
18.9
19.2
19.5
19.9
20.1
20.5
20.7
21.1
21.1
21.6
21.8
22.5
22.9
23.6
23.9
24.3
24.7
24.9
25.1
25.5
25.8
26.4
27
27.5
27.7
27.9
28.2
28.7
28.9
29.7
30.3
30.5
30.8
30.9
31.1
31.6
31.9
32.3
32.8
33.2
33.4
33.3
33.4
34.2
34.8
34.8
35
34.9
35.4
35.9
35.8
35.8
35.9
35.8
35.4
35.9
35.8
35.2
35.3
35.5
35.8
35.6
35.8
35.5
35.5
35.4
35.3
34.9
34.5
34.5
34.3
33.9
33.7
33.4
32.2
32.1
31.6
29.9
28.3
26.8
25.9
24.7
23.9
23.3
22.9
21.7
21
21
20.1
20
19.8
19.4
19.3
18.8
18.5
17.9
17.8
17.6
17.3
17.1
17.2
17.1
16.8
16.8
16.5
16.1
16
16.1
16
15.7
15.7
15.7
15.6
15.4
15.4
15.1
15
14.6
14.5
14.6
14.8
14.6
14.9
14.9
15
14.9
14.9
14.8
14.8
14.6
14.4
14.4
14.2
14
14
13.8
13.8
13.8
13.5
13.5
13.3
13.3
13.1
13.2
13.2
13.2
13.3
13.5
13.3
13.3
13.2
12.9
13.1
12.9
12.8
12.7
13.1
13.2
12.8
12.7
12.7
12.7
12.7
12.8
13.2
13.4
13.4
13.3
13.2
13.3
13.2
13.1
13.2
13.1
12.9
13.1
13.1
12.9
12.9
13.1
13.8
13.7
13.5
13.7
14.2
14.2
13.9
14
14
13.8
14
14.2
14.4
14.5
15.1
15.1
15.6
15.5
15.6
16.3
16.6
17.2
17.4
17.7
18.1
18.3
18.4
18.9
19.4
19.8
20
20.6
21
21.4
21.7
22.5
22.7
22.9
23.3
23.6
23.9
24
24.4
24.8
25.1
25.5
25.8
26.2
26.4
26.7
27
27.1
27.5
27.6
27.7
28.2
28.4
28.9
29.4
29.9
30.5
31
31.4
32
32.1
32.5
32.6
32.8
33.2
33.3
33.4
32.7
32
32
32.8
33.6
34.1
34.8
35.3
35.8
35.3
35.2
36.4
36.4
36.6
36.7
36.9
37
37.1
38
38
37.1
37.1
37.5
37.3
37.6
37.5
37.2
37.7
38.1
37.7
37.5
37.5
38
37.6
37.8
38.2
38.1
37.6
37.8
38.1
38.1
37.7
36.4
36.3
35.2
33.9
33.1
31.7
28.8
25.6
24.3
23.4
22.7
22.5
22
21.2
21.2
21.1
20.9
20.7
20.7
20.7
20.7
20.6
20.6
20.5
20.4
20.4
20.3
20.1
20
19.8
19.5
19.4
19.2
19.2
19
19.2
19.2
19.2
19.2
19.2
19
19
19
19
18.9
18.8
18.8
18.7
18.7
18.8
18.7
18.7
18.7
18.7
18.5
18.5
18.4
18.4
18.4
18.4
18.4
18.3
18.3
18.3
18.3
18.2
18.2
18.1
18.1
18.1
18.1
18.1
18.2
18.2
18.2
18.2
18.3
18.3
18.3
18.3
18.3
18.3
18.2
18.3
18.2
17.9
17.8
17.7
17.7
17.7
17.8
17.8
17.7
17.7
17.8
17.8
17.8
17.9
17.9
17.7
17.6
17.4
17.4
17.3
17.3
17
17
16.8
16.8
16.8
16.8
16.8
16.6
16.3
16.3
16.3
16.3
16.3
16.2
16.2
16.1
16.1
16.1
16.1
16.1
16
16
16
16.1
16.1
16
15.9
15.9
16
16.1
16.1
16.1
16.1
16.2
16.1
16.2
16.1
16.1
16.2
16.2
16.2
16.1
16.1
16.1
16.1
16.1
16.1
16.2
16.2
16.2
16.3
16.5
16.6
16.7
16.6
16.8
17
16.7
17
17.1
17.1
17.1
17.1
17
17.1
17.3
17.6
17.8
18.2
18.1
18.3
18.1
18.3
18.4
18.7
18.8
18.8
18.7
18.5
18.8
18.7
18.9
19.4
19.9
20.3
20.4
20.5
20.5
20.1
20.9
21.2
21.8
21.8
21.4
20.9
20.9
21
21.2
21.2
21.2
21.5
21.7
21.7
21.6
21.4
21
20.9
20.7
20.6
20.4
20.3
20.1
20.1
20.4
20.4
20.4
20.4
20.5
20.3
20.1
20
19.8
19.6
19.5
19.5
19.4
19.4
19.3
19.3
19
18.8
18.7
18.4
18.2
18.1
18.1
17.7
17.8
17.6
17.6
17.4
17.4
17.3
17.2
17.2
17.1
17
16.7
16.7
16.6
16.6
16.6
16.5
16.5
16.3
16.3
16.3
16.2
16.2
16.2
16.2
16.1
16.1
16.1
15.9
16
15.9
15.9
15.9
15.9
15.7
15.7
15.7
15.7
15.7
15.7
15.7
15.6
15.6
15.6
15.6
15.6
15.6
15.6
15.5
15.5
15.4
15.4
15.4
15.4
15.4
15.4
15.4
15.4
15.4
15.4
15.4
15.2
15.2
15.2
15.2
15.1
15.1
15.1
15.1
15.1
15.1
15.1
15.1
15.1
15.1
15.1
15
15
15.1
15
15
15.1
15
15
15
15.1
15
15
15
15
15
15
15.1
15
15
15
15
15
15
15
15
15
15
15
15
15
15
15
14.9
15
15
15
15.1
15
15
15
15
15.1
15.1
15.2
15.2
15.2
15.4
15.4
15.5
15.6
15.7
15.9
16
16.1
16.2
16.3
16.3
16.5
16.6
16.6
16.6
16.6
16.7
16.7
17.1
17.3
17.6
17.8
18.1
18.2
18.3
18.5
18.8
19
19.2
19.3
19.6
19.8
20
20.3
20.1
20.5
20.6
21
21.2
21.6
21.8
22
22.1
22.5
22.8
22.7
23.1
23.1
23.4
23.8
24.4
24.3
24.5
23.7
23.2
23.9
23.6
23.1
22.9
22.7
22.6
22.7
22.8
22.8
22.7
22.7
23.4
23.7
23.4
23.8
23.6
23.6
23.8
23.8
23.9
23.9
23.7
23.4
23.4
23.6
23.3
23.2
23.2
23.3
23.1
23.1
22.9
22.7
22.3
22.1
21.7
21.4
21.1
20.9
20.6
20.5
20.3
20.1
19.8
19.6
19.5
19.3
19.2
19
18.8
18.5
18.5
18.5
18.4
18.3
18.2
18.2
18.1
17.9
17.9
17.9
17.8
17.8
17.8
17.7
17.6
17.6
17.6
17.6
17.4
17.3
17.3
17.2
17.2
17.2
17.1
17.1
17
17
16.8
16.8
16.8
16.7
16.6
16.5
16.2
16.1
16
15.9
15.6
15.6
15.5
15.4
15.4
15.2
15.1
15.1
14.9
14.6
14.6
14.4
14.3
14.2
14.3
14
13.8
13.7
13.5
13.4
13.4
13.3
13.4
13.4
13.3
13.1
13.2
12.9
12.8
12.7
12.8
12.8
12.8
12.7
12.7
12.6
12.6
12.7
12.6
12.6
12.4
12.6
12.6
12.6
12.4
12.6
12.7
12.6
12.3
12.4
12.4
12.4
12.2
12.2
12.2
12.3
12.2
12.1
12.2
12.2
12.3
12.3
12.3
12.4
12.4
12.6
12.4
12.4
12.3
12.4
12.4
12.6
12.6
12.7
12.7
12.8
12.9
13.1
13.2
13.3
13.3
13.4
13.7
13.8
13.9
14.2
14.3
14.5
14.8
15.1
15.4
15.6
15.7
15.7
15.7
16.1
16.2
16.7
17.1
17.2
17.4
17.4
17.4
17.6
17.6
17.7
17.9
18.1
18.1
18.5
19.2
19.5
19.9
19.5
19.5
19.5
20
20.3
20.5
20.9
21.7
22.3
22.6
23.4
23.9
24.7
25
25.8
24.8
24.4
24.2
24.7
24.8
24.9
24.7
24.5
24.8
25
25.1
25.5
25.6
26.2
25.9
26
26.6
26.7
27.1
27.7
28.1
27.7
27.5
27.6
27.1
26.8
27.1
27.6
27.8
27.7
27.3
28.4
29
28.6
28.6
27.8
27.2
26.6
26
25.3
24.7
23.7
23.3
23.2
23.3
23.3
23.3
23.3
23.3
23.2
23.1
23.7
24.7
24.3
23.7
23.2
22.7
22.1
21.7
21.5
21.4
21.1
20.9
20.7
20.6
20.5
20.4
20.1
20
19.9
19.8
19.6
19.4
19.4
19.3
19.2
19
18.9
18.8
18.7
18.4
18.3
18.2
18.2
18.2
18.2
18.3
18.3
18.3
18.3
18.3
18.2
18.2
18.2
18.1
18.2
18.1
17.9
17.9
17.8
17.9
17.9
17.9
17.9
17.9
17.9
17.9
17.8
17.8
17.7
17.7
17.7
17.6
17.6
17.6
17.6
17.6
17.6
17.4
17.6
17.4
17.4
17.4
16.6
16.7
17
17.1
17.3
17.6
17.7
17.9
18.2
18.3
18.5
18.8
18.9
19.2
19.3
19.4
20.3
20.6
20.6
21
21.1
21.1
21
20.6
20.5
20.6
20.5
19.9
17.4
16.7
16.7
17.2
17.1
17.1
16.8
16.7
16.6
16.6
16.8
17.1
17.3
17.3
16.7
16.2
16.3
16.5
16.2
16.5
16.5
16.8
17.6
17.9
17.8
17.7
18.1
18.1
17.9
18.9
18.8
18.8
18.8
18.8
18.5
18.5
18.5
18.5
18.8
18.7
18.8
18.7
19.2
19
18.7
18.5
18.5
18.7
18.8
18.8
18.8
18.9
18.9
18.8
18.7
18.9
19
18.8
18.7
18.7
18.5
18.3
18.2
18.1
17.8
17.7
17.6
17.4
17.4
17.4
17.3
17.2
17
16.8
16.5
16.3
16.1
16
15.6
15.5
15.4
15.2
15.4
15.4
15.4
15.5
15.4
15.2
15.2
15
15
15
14.9
14.9
14.8
14.6
14.5
14.4
14.3
14.4
14.4
14.4
14.5
14.4
14.4
14.4
14.3
14.2
14
13.9
13.8
13.7
13.4
13.3
13.2
12.9
12.9
12.8
12.7
12.7
12.7
12.6
12.4
12.4
12.3
12.1
12.1
12
11.8
11.8
11.8
11.7
11.5
11.3
11.2
11.1
11
10.9
10.9
10.7
10.7
10.6
10.6
10.5
10.5
10.5
10.5
10.5
10.5
10.4
10.2
10.4
10.2
10.1
10
10
10
10
10
9.9
9.8
9.8
9.6
9.6
9.5
9.4
9.1
9.1
9.1
9.1
9
9
9
9
9.1
9.3
9.1
9
8.9
8.9
9
8.9
8.8
8.9
8.9
8.9
9
9
9
8.9
9.1
9.3
9.6
9.9
10.1
10.6
10.9
11.2
11.6
12
12.4
12.7
13.3
13.7
13.9
14.4
14.5
14.8
15
15.1
15.4
15.6
16
16.3
16.6
17
17.3
17.6
17.8
17.9
18.1
18.3
18.5
19
19.3
19.5
19.8
20
20.3
20.3
20.7
21.4
21.8
22.5
22.7
23.3
23.6
23.7
24.2
24
24.4
24.3
25
25.4
25.3
25.9
26.2
26.5
27
27.5
27.9
28.4
28.9
29.4
30.1
30.3
30.6
31.1
31.7
32
32.3
32.6
32.3
33.1
33.3
33.9
34.3
33.7
34.1
34.3
35
34.8
34.3
34.2
34.2
34.3
34.1
34.2
34.2
33.9
33.7
33.8
33.8
33.4
33.7
33.2
33.1
33
32.6
32.6
32.2
31.7
31.4
30.9
30.3
29.8
29
27.9
26.4
24.7
23.2
22.1
21.2
20.7
20.3
19.6
18.7
18.8
18.3
17.9
17.8
17.4
17.2
17.1
17
16.6
16.2
16
15.9
15.7
15.5
15.2
15.2
14.8
14.4
14.4
14.2
13.9
13.7
13.4
13.5
13.4
13.5
13.4
13.5
13.3
13.3
13.2
13.1
12.8
12.8
12.9
12.8
12.7
12.6
12.3
12.3
12.3
12.3
12.3
12.3
12.3
12.2
12.1
12.1
12.1
12.1
12.1
12
11.8
12
11.8
11.8
11.6
11.3
11.2
11.1
11.1
11.1
11
11
10.9
10.9
10.7
11
11
10.7
10.7
10.6
10.6
10.6
10.6
10.6
10.6
10.7
10.6
10.6
10.5
10.5
10.4
10.4
10.4
10.4
10.2
10.2
10.1
10.2
10.2
10.2
10.2
10.2
10.2
10.1
10
10
10
10
9.8
9.8
9.6
9.8
9.6
9.8
9.9
9.9
10
10.1
10.4
10.5
10.5
10.5
11
11.2
11.5
11.8
12.1
12.3
12.9
13.3
13.7
14
14.4
14.8
15.1
15.4
15.7
16
16.2
16.6
16.8
17
17.1
17.4
17.8
18.2
18.5
18.9
19.2
19.4
19.8
20
20.1
20.4
20.6
20.9
21
21.1
21.2
21.4
21.8
22.5
22.9
23.7
24.3
24.7
25.1
25.3
25.4
25.6
25.9
26.2
26.2
26.5
26.7
27.1
27.6
27.8
28.3
28.3
28.9
28.8
29.8
30.1
30.5
30.8
31
31
30.9
31.4
32.1
32
32.5
32.7
33.1
33.2
33.4
33.3
33.2
33.8
33.9
34.1
34.3
34.1
33.8
33.7
33.8
33.8
33.7
33.4
33.4
33.4
33.4
33.7
33.8
33.8
33.4
33.3
33.1
32.6
32.5
31.9
31.6
31
30.3
29.3
27.8
26.4
24.9
23.8
22.7
22.1
21.4
21.1
20.7
20.1
19.8
19.3
18.8
18.9
18.4
17.9
17.9
17.9
17.7
17.3
17.1
17.1
17
16.7
16.6
16.5
16.2
16.1
15.7
15.7
15.7
15.6
15.7
15.9
15.9
15.7
15.7
15.6
15.5
15.2
15.1
15.2
15.4
15.4
15.4
15.2
15.2
15.2
15.2
15.2
15.2
15.4
15.4
15.4
15.4
15.4
15.4
15.4
15.2
15.2
15.4
15.4
15.4
15.5
15.5
15.5
15.6
15.7
15.9
16
16.1
16.2
16.3
16.5
16.3
16.5
16.5
16.5
16.5
16.3
16.2
16.1
16
15.9
15.7
15.7
15.7
15.6
15.4
15.1
15
14.9
14.6
14.6
14.4
14.3
14.3
14.4
14.3
14.3
14.3
14.2
14.3
14.5
14.6
14.8
14.9
15
15
15
15
15
14.9
14.8
14.8
15
15.1
15.2
15.2
15.4
15.5
15.6
15.7
16
16.1
16.2
16.3
16.3
16.5
16.5
16.2
16.3
16.5
16.5
16.5
16.5
16.6
16.6
16.8
17
17.1
17.3
17.6
17.8
18.1
18.4
18.8
19
19
19.4
19.8
20
20.4
21
21.4
21.2
20.9
20.5
20.6
21
21.7
21.8
21.7
22.3
22.5
22.3
22.2
23.2
24.2
23.9
23.4
23.8
23.6
24
24.9
25.1
26.1
26.2
25.6
26.6
24.8
24.2
23.6
23.2
22.9
22.7
22.7
22.6
22.6
22.8
22.8
22.3
22
22.1
21.6
21.5
21.2
20.9
20.7
20.6
20.4
20.4
20.3
20.1
20
20
19.8
19.6
19.5
19.4
19.3
19.2
19.2
19
19.2
19.3
19.3
19.4
19.3
19.3
19.2
19.2
19.2
19.2
19
18.8
18.8
18.7
18.5
18.4
18.3
18.1
18.1
17.9
17.8
17.8
17.8
17.7
17.6
17.6
17.6
17.6
17.4
17.4
17.3
17.2
17.2
17.2
17.2
17.1
17
17
16.8
16.7
16.6
16.3
16.2
16.3
16.2
16.3
16.2
16.2
16.2
16.1
16.1
16.1
16.1
16.1
16
16
15.9
15.9
15.7
15.6
15.5
15.2
15.1
14.9
14.9
15
15
15.1
15.1
15.1
15.1
15.2
15.1
15.2
15.1
15.2
15.2
15.1
15
15
14.9
14.9
14.9
14.8
14.6
14.5
14.4
14.3
14.2
14
13.9
13.8
13.8
13.5
13.5
13.5
13.5
13.4
13.5
13.5
13.5
13.5
13.3
13.2
13.1
13.1
12.9
12.9
12.8
12.7
12.7
12.6
12.6
12.6
12.4
12.3
12.2
12.1
12.2
12.3
12.3
12.2
12.1
12.1
12
12
12
12
11.8
11.8
11.8
11.8
11.8
12
12.1
12.3
12.4
12.4
12.6
12.4
12.4
12.6
12.8
13.4
13.9
14.3
14.5
14.8
15
15.2
15.6
15.9
16.2
16.5
16.7
16.8
17.1
17.2
17.4
17.7
17.9
18.5
19.3
19.4
19.4
19.4
19.8
20.4
20.7
21.4
21.2
21
21.1
20.9
21
21.6
22.1
22.7
23.3
23.8
24.3
24.9
25.3
25.5
25.9
26.2
26.4
26.7
26.7
27.2
27.7
28.2
28.6
28.7
29
29.3
30.1
30.8
30.9
31.2
31.6
32.1
32.3
32.8
32.8
33.1
33.2
33.2
33.7
33.8
34.2
34.3
33.9
34.4
34.3
34.7
34.8
34.8
34.8
34.9
34.9
34.9
35.2
34.8
34.9
34.7
34.5
34.3
34.1
34.1
33.9
33.9
33.7
33.2
33
32.3
32.1
31.6
30.6
29.5
28.9
27.9
26.7
25.5
24.7
23.7
23.2
22.6
22.2
22
21.7
21.4
21
20.7
20.5
20.1
20
19.8
19.5
19.2
18.9
18.8
18.7
18.4
18.3
18.1
17.8
17.7
17.4
17.2
17
16.7
16.2
16.2
15.7
15.7
15.6
15.4
15.1
15
14.9
14.8
14.5
14.5
14.4
14.4
14.3
14.3
14.2
14.2
14.2
14
13.8
13.8
13.8
13.7
13.7
13.5
13.3
13.2
13.2
12.9
12.8
12.8
12.8
12.8
12.8
12.7
12.7
12.8
12.8
12.7
12.6
12.6
12.3
12.2
12.3
12.3
12.3
12.1
12.1
12.1
12.2
12.2
12.2
12.2
12.2
12.2
12.2
12.1
11.7
11.7
11.7
11.8
11.7
11.7
11.6
11.6
11.5
11.6
11.5
11.3
11.5
11.6
11.3
11.3
11.3
11.3
11.6
11.5
11.7
11.6
11.5
11.6
11.6
11.2
11.3
11.5
11.3
11.2
11.3
11.3
11.5
11.5
11.6
12
12.4
12.6
12.8
13.1
13.4
13.5
13.9
14.3
14.5
14.8
15
15.2
15.5
15.9
16.1
16.3
16.6
16.8
17.2
17.4
17.8
18.1
18.3
18.5
18.9
19.3
19.5
19.9
20.1
20.4
20.7
20.9
21.1
21.5
21.7
22.2
22.6
23.1
23.7
24.4
24.9
25.4
25.5
25.9
26.5
27
27.6
27.8
28.3
28.6
29
29.4
29.8
30.1
30.8
30.9
31.4
31.6
32
32.5
32.7
33
33.6
33.8
34.2
34.3
34.4
34.5
34.9
34.8
35.2
35
35.3
35.3
35.8
36.3
36.4
36.7
36.5
36.5
36.9
36.6
36.4
36.6
36.7
36.7
36.3
36.4
36.5
36.6
36.3
35.9
36.3
35.5
35.3
35.8
35.8
35.5
34.9
33.4
32.2
30.9
29.2
28.3
27.1
26.5
25.4
25.1
24.5
24.2
22.9
22.8
22.8
22.2
22.5
22.5
22
22
21.5
21.2
21
20.5
20.4
19.8
19.6
19.8
19.9
19.8
19.8
19.6
19.2
19.3
19.2
19.3
19.3
19.3
19.4
19.3
19.2
18.7
18.7
18.5
18.5
18.4
18.3
18.3
18.3
18.3
18.5
18.3
18.4
18.5
18.7
18.8
18.9
18.9
19.3
19.5
19.4
20.3
20.1
20.1
20.1
20.4
20.1
20.1
20.1
20.3
20.1
20.1
20.5
20.5
20.4
20.6
20.3
20.4
20.3
20.3
20.1
20
20.1
20.9
20.4
20.9
20.5
20.6
20.9
20.9
20.9
20.6
21
21.2
21.6
21.8
22.1
22.6
22.7
22.9
22.9
22.7
22.7
22.5
22
21.5
21.1
20.9
20.6
20.5
20.5
20.5
20.3
20.1
19.9
19.8
19.5
19.5
19.6
19.5
19.4
19.4
19.4
19.2
19.2
19.2
19
19
18.9
19.3
19.4
19.6
19.9
20.1
20.4
20.7
21
21.4
21.7
22.2
22.7
23.1
23.4
23.9
24.7
25.3
26
26.5
27.1
27.6
28.2
28.7
29.2
29.4
29.4
29.4
29.4
29.5
29.4
29.3
28.8
28.2
27.8
27.3
26.8
26.7
26.5
26.5
26.7
27.1
27.2
27.2
26.7
26.5
26.4
26.4
26.5
26.6
26.6
26.6
26.6
26.7
26.7
26.7
26.8
27
27.3
27.5
27.7
28.4
29
29.3
30.5
31
31.2
31.7
32.1
32
32.3
34.2
35.4
34.8
34.8
35
34.9
34.8
34.4
33.8
33.3
33.7
35
34.5
33.8
32.7
31.6
30.8
30.1
29.8
29.8
29.2
29.7
29.5
29.5
29.3
29.7
31.4
32.6
33.7
34.1
33.1
32.1
31.2
30.5
29.8
29.5
28.9
28.2
27.8
27.1
26.7
26.4
26.2
25.8
25.4
25.5
25
25
25.1
25.4
25.3
24.8
24.7
24.7
24.7
24.3
24.5
24.5
24.8
24.9
24.7
24.7
24.9
25.3
25.5
25.6
25.9
25.8
26.1
26.4
26.2
26.7
26.4
26
26
25.9
25.9
25.8
25.6
25.4
25.1
25
24.9
24.8
24.5
24.8
24.4
24.3
24.4
24.4
24.5
24.5
24.3
24.3
24.3
24
24.2
24.4
23.9
23.6
23.6
23.4
23.2
23.3
23.2
23.2
23.1
23.2
23.2
23.3
23.2
23.1
23.3
22.9
22.7
22.8
22.9
23.3
23.2
22.9
22.8
22.6
22.8
22.7
22.9
22.9
23.1
23.3
22.8
22.9
22.7
22.8
22.6
22.3
22.3
22.2
22.5
22.5
22.3
22.2
22
22
21.6
21.6
21.1
21.1
21.4
21.1
21.2
21.2
21
20.7
20.9
21
20.7
21
20.9
20.7
21.1
21.2
21.5
21.6
22.1
22.3
22.7
23.2
23.6
23.7
24.2
24.5
24.7
24.8
24.9
24.5
24.7
24.5
24.7
24.8
25
25.3
25.6
25.8
26.2
26.4
26.5
26.6
26.7
26.8
26.8
26.8
26.8
26.7
26.6
27
26.8
27.1
27.5
27.8
28.3
28.8
29
29.5
29.8
29.9
30
29.8
29.8
30.6
31.1
31.7
32.1
32
31.9
31.9
31.9
32.6
32.7
33.9
33.9
34.7
34.9
35.3
35.5
35.6
35.8
36
36.4
36.5
36.6
36.9
36.7
36.6
36.9
37.1
36.6
36.5
36.4
36.9
36.9
36.5
35.6
35.8
36.4
36.1
36.1
35.6
35.6
35.5
35.4
34.9
34.5
34.3
33.8
33.3
32.5
31.7
30.1