674.1
538
669.9
680.6
758.9
589.9
551.9
535.4
514.4
593.5
185.7
667.5
338.2
550.4
776.8
575.8
770.5
529.6
640.7
762.1
736
795
545
551.1
604.3
523.8
578.9
791.5
545.6
539.7
542.9
784
808
561
524.6
516.6
821
552.7
831
709.1
549.7
560.8
635.1
544.2
562.4
791.4
788.7
618.1
588.9
640.7
598.4
775.2
712.8
777
754.9
382.5
914
626
775.9
883
666.4
593.4
580.5
693.9
792.5
637.6
655.3
710.9
532.9
853
691.8
688.4
669
892
776.8
689.8
781
989
692.5
742.3
1039
1107
718.8
945
738
752.5
795.9
865
717.4
797.1
882
744.7
755