0
0
0
0
0
0
0
0
26.62
160.7
322.5
448.8
519.9
532.3
481.4
382
234.9
79.88
1.676
0
0
0
0
0
0
0
0
0
0
0
0
0
13.64
78.91
219.7
312.6
336.4
358.7
354.4
236.6
116.7
40.89
0.9
0
0
0
0
0
0.085
0.085
0.003
0
0
0
0
0
3.891
33.23
155.8
346.9
386.8
524.3
450.3
264.4
64.87
45.75
1.541
0
0
0
0
0
0
0
0
0
0
0
0
0
8.15
138.5
141
231.8
476.1
500.5
313.7
191.7
134
53.11
1.361
0
0
0
0
0
0
0
0
0
0
0
0.005
0
26.91
163.7
279
445.4
516.3
525
490.5
391.4
248.2
88.6
2.02
0
0
0
0
0
0
0
0
0
0
0
0
0.005
23.73
168.9
331.1
457.3
529.8
544.7
494.6
398.6
257.1
89.1
1.335
0
0
0
0
0
0
0
0
0
0
0
0
0
25.17
159.7
312.9
440.2
514.3
529.9
487.1
387
237.9
78.53
1.218
0
0
0
0
0
0
0
0
0
0
0
0
0
19.64
132.3
278.8
405.2
485.6
507.2
458.4
366.6
223.3
70.66
0.919
0
0
0
0
0
0
0
0.001
0
0
0
0
0.001
27.37
140
257.8
311.7
450.2
498.2
389
354.7
206.5
39.94
0.174
0
0
0
0
0.001
0.01
0
0
0
0
0
0
0
0.803
14.43
24.41
38.51
74.47
84.5
65.8
63.46
62.49
57.82
1.33
0.001
0
0
0
0
0
0
0
0
0
0
0
0
5.314
49.64
105.2
173
298.6
451
479.7
390.1
241.9
70.42
2.659
0
0.006
0
0
0
0
0
0.02
0
0
0
0
0
19.49
120.3
172.7
174.1
147.7
279.2
226.7
204
163.1
53.64
1.196
0
0
0
0
0
0
0
0
0
0
0
0
0
15.7
110.1
294.1
430.3
490.8
441.6
324.2
213.6
124.3
31.22
0.341
0
0
0.015
0
0
0
0.019
0.069
0.082
0
0
0
0
3.257
34.59
145.8
151.6
282.2
325.4
387.7
255.3
121.1
19.1
0.119
0
0
0
0
0
0
0.051
0.007
0
0.04
0.076
0
0
3.194
35.15
83.1
423
497.3
512.1
482.8
337.6
117.2
22.21
0.986
0
0
0
0
0
0
0
0
0
0
0
0
0
17.03
147.9
306.7
431.8
457.8
518.5
461.8
390.8
245
84.2
1.974
0
0
0
0
0
0
0
0
0
0
0
0
0
19.41
156.3
303.3
432.6
497.5
498.3
469.6
379.9
222.9
75.26
1.462
0
0
0
0
0
0
0
0
0
0
0.031
0.189
0
9.31
164.3
336.1
414.9
475.8
449.7
497.5
364.9
251.5
56.78
2.623
0
0
0
0
0
0
0
0
0
0
0
0
0
24.81
148.2
304.6
427.6
440.7
512.3
494.2
255.1
112.7
48.58
1.045
0
0
0
0
0
0
0
0
0
0.007
0
0
0
7.515
144.8
305.2
303.7
370.7
520.2
502.6
330.9
184.7
77.12
3.257
0
0
0
0
0
0
0
0
0
0
0
0
0
10.08
118.3
121.7
213
450.2
423.7
428.1
395.6
233.9
78.65
1.115
0
0
0
0
0
0
0
0
0
0
0
0
0
19.18
148.1
305.8
437.2
519.6
541
500.9
402
251.7
91.3
0.957
0
0
0
0
0
0
0
0
0
0
0
0
0
14.61
116.7
440.7
520.7
546.4
504.7
406.3
261
97.4
1.577
0
0
0
0
0
0
0
0.004
0
0
0
0
0
11.69
100.5
238.6
365.2
461.5
449.7
467.6
276.3
154.3
46.27
1.496
0
0
0
0.077
0
0
0.007
0.294
0.073
0.314
0.108
0
0
11.95
105.5
269.6
418.8
497.1
517.2
476.7
341.4
226.2
90.1
3.406
0
0
0
0
0
0
0
0
0
0
0
0
0
7.156
104.2
259.2
302.4
502.6
502.7
306.5
228.6
157
33.25
0.845
0
0
0
0
0.193
0.635
0
0
0.001
0
0
0
0
15.81
109.2
286.9
429.3
496.3
519.4
460.7
301.8
86.7
30.71
2.332
0
0
0
0
0
0
0
0
0
0
0
0
0
17.62
96.1
279.3
427.3
515.3
539.4
499.8
403
262.2
99.2
2.817
0
0
0
0
0
0
0
0
0
0
0
0
0
17.69
93.2
277.6
422.3
509.6
533.2
495.7
401.1
261.8
100.4
3.746
0
0
0
0
0
0