1099
1418
1107
1118
1281
890
1323
741.2
1115
1506
1563
1110
1357
931
1431
1502
1163
1289
1095
1510
1234
1427
1330
1117
1369
1406
1337
1326
1065
1059
1052
1296
1052
1449
597.9
1429
1069
1074
1158
1380
1070
1047
1049
1421
1342
1309
1096
1345
1137
1223
1087
1514
1126
1014
993
995
1234
1294
1270
989
972
1246
962
949
1001
932
1178
1278
983
939
1196
1431
1175
1151
1264
914
1172
976
901
1231
924
1261
1163
1021
1074
631.6
848
1054
875
1047
969
1202
944
838
878
923
885
1098
1195
799.3
772.8
764.7
759.7
796.7
978
731
732.4
923
719.6
894
1103
861
748.4
894
858
720.3
696.6
802
720.3
671
392.4
1029
799.4
884
1109
767.7
669.5
569.2
195.9
676.5
712.5
611.9
610
759.2
775.5
581
574
601.6
685.8
588.8
779.3
776.3
657.4
534.6
583.1
672.3
778.5
570.5
555.9
559.7
573.5
579.2
674.1
538
669.9
680.6
758.9
589.9
551.9
535.4
514.4
593.5
185.7
667.5
338.2
550.4
776.8
575.8
770.5
529.6
640.7
762.1
736
795
545
551.1
604.3
523.8
578.9
791.5
545.6
539.7
542.9
784
808
561
524.6
516.6
821
552.7
831
709.1
549.7
560.8
635.1
544.2
562.4
791.4
788.7
618.1
588.9
640.7
598.4
775.2
712.8
777
754.9
382.5
914
626
775.9
883
666.4
593.4
580.5
693.9
792.5
637.6
655.3
710.9
532.9
853
691.8
688.4
669
892
776.8
689.8
781
989
692.5
742.3
1039
1107
718.8
945
738
752.5
795.9
865
717.4
797.1
882
744.7
755
838
934
1233
960
956
1177
980
820
856
1185
810
1163
1094
941
870
885
909
883
1359
908
889
1290
1099
1224
956
1023
958
1367
1371
951
992
1031
1083
984
1133
1114
1489
1252
1013
1284
1003
1119
1280
1238
1121
1343
977
995
1150
1135
1485
1561
1038
967
1438
1375
1054
1046
1270
1080
1250
1111
572.9
708.5
996
1258
1630
1560
356.5
1581
1533
1571
1143
1449
1638
1347
1265
1104
1510
1113
1290
1517
1106
1275
1074
1141
1211
1208
1503
1179
1112
1128
1223
1107
1079
1137
830
1851
1507
1150
1637
1108
1183
1110
1129
1171
1533
1445
1412
1107
1107
1442
1111
1110
1506
1546
1113
1138